City,type,room_number,Area,Street,number_in_street,city_area,price,num_of_images,floor_out_of,hasElevator ,hasParking ,hasBars ,hasStorage ,condition ,hasAirCondition ,hasBalcony ,hasMamad ,handicapFriendly ,entranceDate ,furniture ,publishedDays ,description ,
פתח תקווה,דירה,5.5,137,רפאלי שרגא,3,אם המושבות החדשה,3600000,6,קומה 11 מתוך 19,TRUE,FALSE,TRUE,FALSE,שמור,TRUE,FALSE,TRUE,TRUE,גמיש,,7,"למכירה 5.5 חדרים ענקית, מרווחת , מוארת , קומה גבוהה (11) נוף פתוח.רחוב שקט. בקרבת מרכז מסחרי בתי ספר וגנים. פינוי גמיש. מתווכים לא להתקשר רצוי לתאם בווסטאפ לפני",
פתח תקווה,דירה,3,84,כצנלסון אהרון,6,נווה גן,2550000,6,קומה 6 מתוך 9,TRUE,FALSE,TRUE,TRUE,שמור,TRUE,FALSE,TRUE,FALSE,מיידי,,8,"למכירה מפרטי ברחוב אהרון כצנלסון השקט והמבוקש, דירת 3 חדרים עורפית, מקסימה ומרווחת,ע ם יחידת הורים, שלושה כיווני אוויר ובקרבה למוסדות חינוך, לרכבת הקלה, הקניון הגדול וגישה לכל היציאות מפ""ת",
פתח תקווה,דירה,4,120,הירקונים,17,קרית הרב סלומון,2650000,10,קומה 2 מתוך 7,TRUE,TRUE,TRUE,TRUE,חדש,TRUE,TRUE,TRUE,FALSE,גמיש,חלקי,6,"פריים לוקשיין בשכונת שיפר המאוד מבוקשת!!! למכירה דירת 4 חדרים בנניין פינתי הירקונים/ספיר. שכונה ירוקה ושקטה! קרובה לכל מקום-ציר הרכבת הקלה-מרחק הליכה. יציאות מהעיר, מרחק הליכה עד לתחנת רכבת סגולה ועוד. דירה מרווחת עם כ-100 מ""ר בנוי+ מרפסת שמש ענקית כ-16 מ""ר + מחסן צמוד 5 מ""ר . חניה גדולה, + חידת הורים ומזגן בכל חדר. שווה לבקר!!!קרא עוד",
פתח תקווה,דירה,3.5,110,סלנט שמואל,56,המרכז השקט,2450000,8,קומה 2 מתוך 6,TRUE,FALSE,TRUE,FALSE,משופץ,TRUE,FALSE,TRUE,TRUE,גמיש,חלקי,8,"בפתח תקווה ברחוב שמואל סלנט המבוקש,לא כדאי לפספס!!! כ102 מטר בארנונה פלוס מרפסת. 3.5 חדרים ענקיים קומה 2 מעלית,ממ""ד,מרפסת שמש ומזגנים בכל החדרים,ללא תיוון!!! מתווכים נא לא להתקשר :)",
פתח תקווה,דירה,4.5,120,בן צבי יצחק,28,כפר גנים ב,2720000,9,קומה 3 מתוך 6,TRUE,TRUE,FALSE,FALSE,משופץ,TRUE,TRUE,TRUE,TRUE,גמיש,,21,"הדירה משופצת חלקית בטעם טוב , פונה לעורף לכיוון המערב .יש מרפסת שמש של 20 מ""ר , ממ""ד מעלית וחנייהמבחינת אזור - הרחוב שקט ופסטורלי המון גני שעשועים בסביבה במרחקי הליכה. ממש מעבר לכביש יש מכולת שכונתית מעולה .מרכז קניות (מרכז אורון) שיש בו כל מה שצריכים. ועוד נתון חשוב גישה נוחה ליציאה מהעיר (כביש 471 ) ממש כמה דקות ואתם שם.",
פתח תקווה,דירה,4,120,ההסתדרות,2,מרכז העיר,2550000,3,קומה 3 מתוך 6,TRUE,TRUE,TRUE,FALSE,משופץ,TRUE,FALSE,FALSE,TRUE,גמיש,חלקי,8,"במיקום מצוין , דירה ענקית משופצת ויפיפייה, חניה מקורה בטאבו, 3 כיווני אויר, 6 דקות הליכה מהרכבת הקלה , 5 דקות הליכה לשוק, גמיש במחיר.",
פתח תקווה,דירה,4,98,רוטשילד,18,קרול,2640000,5,קומה 6 מתוך 8,TRUE,TRUE,TRUE,FALSE,שמור,TRUE,TRUE,FALSE,FALSE,גמיש,,9,"דירה ענקית ומרווחת , קומה 6 כיוון כללי מערב , ללא בניינים גבוהים צמודים , 30 מטר מהרכבת הקלה , שמורה ומסודרת , סלון וחדרים ענקיים , ארונות קיר בחדרים , מטבח שמור כחדש , מזגן בכל חדר , ובסלון , 2 שרותים , 2 מקלחות , מרפסת שרות",
פתח תקווה,דירה,5.5,140,רפאל איתן,1,אם המושבות החדשה,3650000,5,קומה 7 מתוך 24,TRUE,FALSE,TRUE,TRUE,משופץ,TRUE,FALSE,TRUE,FALSE,גמיש,,9,"דירה מרווחת מוארת וענקית שמרגישים מהרגע הראשון שנכנסים. מרפסת כ- 20 מטר (ללא בניינים ממול) הדירה מגיעה עם 2 מחסנים:"" אחד צמוד לדירה, ניתן להוריד ולהגדיל סלון ועוד מחסן גלריה כ- 12 מטר. כל הבית עם רשתות וסורגים מטבח משודרג ויוקרתי חימום מים על גז יחידת הורים מפנקת +חדר ארונות בקרבה לגנים, בי""ס, מרכזים מסחריים. נכס מאוד מרשים שלא רואים הרבה באם המושבות",
פתח תקווה,דירה,5,147,גיסין אבשלום,23,נווה גן,3400000,4,קומה 11 מתוך 14,TRUE,TRUE,FALSE,TRUE,חדש מקבלן,TRUE,TRUE,TRUE,TRUE,מיידי,לא,10,"למכירה דירה חדשה בפרויקט היוקרתי של ""קטה"" נווה גן צפון דירת 5 חד' 129 מ""ר בנוי פלוס 18.5 מ""ר מרפסת , בנויה בסטנדרט בניה גבוה, כולל מחסן צמוד וחניה מקורה, יחידת הורים עם חדר ארונות מזגן מרכזי פלוס יחידה בחדר הורים דירה עם נוף מטורף שווה במיוחד!!!",
פתח תקווה,דירה,4,100,אלוף רחבעם זאבי,,אם המושבות החדשה,2980000,7,קומה 2 מתוך 9,TRUE,TRUE,FALSE,FALSE,חדש,TRUE,TRUE,TRUE,TRUE,45108,,60+,"במיקום הטוב באם המושבות, דירת 4 חדרים מיוחדת בת 100 מ""ר. עם סוויטת הורים, מרפסת שמש פונה עם נוף פתוח ושקט מטבח משודרג עם אי, חלל אירוח מרווח , סוויטת הורים, מיזוג אוויר וחנייה לובי מפואר ואיכותי. בקרבה ליציאות מהשכונה. לפרטים נוספים התקשרו",
פתח תקווה,דירה,3,75,הרב קלישר,27,מחנה יהודה,2100000,4,קומה 2 מתוך 6,TRUE,TRUE,FALSE,FALSE,שמור,TRUE,TRUE,TRUE,FALSE,גמיש,חלקי,10,"2 חניות, דירה שמורה ויפה מלאת אור ברחוב מבוקש מאד ושקט.",
נתניה,דירה,4,95,שפיגלמן ,4, קרית השרון ,2620000,0,קומה 4 מתוך 9,TRUE,FALSE,FALSE,FALSE,משופץ,TRUE,FALSE,TRUE,FALSE,לא צויין,לא צויין,None ,"דירה משופצת במיקום מעולה אחלה שכנים, מטבח מנגר פרטי. מקלחות ושרותים שופצו והוחלפו. דלתות פנדור לבנות. מרפסת 12 עידפות לפינוי מידי",
נתניה,דירה,5,125,שדרות לנטוס טום ,71, קרית השרון ,3500000,0,קומה 13 מתוך 16,TRUE,FALSE,FALSE,TRUE,משופץ,TRUE,FALSE,TRUE,TRUE,לא צויין,דירה יפיפיה ומושקעת ומרווחת5 חדריםקומה גבוהה עם נוף מרהיב ופתוח2 חניות תת קרקרעיות ויש מחסן גדול קרוב לחניה.ללא דמי תייוך,None ,"למכירה, דירה, קומה 13, בנתניה",
נתניה,דירה,4,121,מנור אהוד ,8, עיר ימים ,4500000,7,קומה 9 מתוך 21,TRUE,TRUE,FALSE,TRUE,משופץ,TRUE,TRUE,TRUE,TRUE,גמיש,לא צויין,None ,"דירה משגעת עם נוף ים על קו החוף בעיר ימים. במיקום מבוקש, דקות הליכה ממרכזי קניות, בילוי וחינוך ובצמוד ליציאה לכביש מספר 2.",
נתניה,דירה,4,100,בנימין ,, מרכז העיר דרום ,2230000,6,קומה 4 מתוך 6,TRUE,TRUE,FALSE,FALSE,משופץ,TRUE,FALSE,TRUE,TRUE,גמיש,לא צויין,None ,"למכירה בבלעדיות במרכז העיר, לב העיר התוסס במיקום מבוקש! שד' בנימין , דירת 4.5 חד' בקומה 4, בבניין שעבר חל""ת שופץ מבפנים ומבחוץ! 100 מ""ר, עם חניה בטאבו מקורה, מעלית (גם שבת), דירה מסודרת ושמורה במצב מעולה, עורפית ושקטה, מוארת עם כיווני אוויר מעולים !",
נתניה,דירה,5,140,נתניה ,1, נוף הטיילת ,4250000,0,קומה 14 מתוך 28,TRUE,FALSE,FALSE,TRUE,חדש,TRUE,FALSE,TRUE,FALSE,לא צויין,לא צויין,None ,"ללא תיווך ,ירדה מהתנהלות ופנוייה למגורים , בניין הצוק המבוקש , חדר כושר , חדר דיירים , מחסן , 2 חניות ,כל החדרים והמרפסת לכיוון היםאמנון ליפקין שחק 1 נתניה",
נתניה,דירה,3,55,גרינבוים ,37, נאות שקד ,1580000,4,קומה 2 מתוך 3,TRUE,FALSE,FALSE,FALSE,משופץ,TRUE,FALSE,FALSE,FALSE,גמיש,לא צויין,None ,"מעולה להשקעה! רק 15 דק' הליכה לים! שופצה לפני שנה כולל ריצוף ומטבח קומפלט. כרגע מושכרת. הבניין מאושר להתחדשות עירונית ע""י העירייה. כרגע בשלב בחירת נציגות דיירים",
נתניה,דירת גן,3,70,הברבור ,17, קרית רבין ,2150000,11,קומת קרקע,FALSE,FALSE,TRUE,FALSE,שמור,TRUE,TRUE,TRUE,FALSE,מיידי,לא צויין,None ,None ,
נתניה,דירה,3,100,מרכז העיר דרום ,,מרכז העיר דרום ,1890000,5,קומה 4 מתוך 3,TRUE,TRUE,FALSE,FALSE,שמור,TRUE,TRUE,FALSE,FALSE,מיידי,לא צויין,None ,"למכירה במרכז נתניה דירת 3.5 חדרים גדולה מרגיש כמו 4.5 חדרים לדירה יש חניה ומעלית ,אין ממד . מטבח גדול. פינת אוכל גדולה. סלון גדול עם מרפסת פנימית 16 מטר. לדירה 3 כיווני אויר מערב צפון מזרח. מרחק קצר לחוף הים.",
נתניה,דירה,5,145,חיטמן עוזי ,9, עיר ימים ,4800000,8,קומת קרקע,TRUE,FALSE,FALSE,TRUE,משופץ,TRUE,FALSE,TRUE,FALSE,גמיש,ניתן להשאיר כחלק מהעסקה:1. ארונות קיר2. וילונות3. ארונות בחדרי השינה במצב מושלם4. פינת אוכל קומפקטית וכסאות5. כסאות בר6. מזנון טלויזיה מותאם על פי מידה7. כל התאורה8. כל מה שיעזור לכניסה חלקה,None ,"מפרטי. בקומפלקס יחודי בעיר ימים, עם בריכת שחייה ענקית, שמירה 24/7, מדשאות רחבות ידיים, בריכות נוי, חדר כושר ומועדון דיירים. נוף נצחי לים ולשמורה! דירת 5 חדרים מפנקת ומתוכננת מדהים! סלון, מטבח ופינת אוכל במתחם גדול ופתוח, ארונות קיר ענקיים במסדרון לחובבי האכסון. חימום מים בגז ופיר אשפה, תודו לי אח""כ! במיקום הטוב ביותר בעיר ימים, שקט מאוד, הליכה מהפיאנו, גינות, קניון, גנים ובתי ספר. 2 חניות ומחסןקרא עוד",
נתניה,דירת גג,3,62,נחום ,29, רמת ידין ,1370000,0,קומה 3 מתוך 3,FALSE,TRUE,FALSE,FALSE,משופץ,TRUE,FALSE,FALSE,FALSE,לא צויין,לא צויין,None ,"דירה מתוקה 62 מ', קומה 3. 2 חדרי שינה סלון מרווח ומטבח. הבניין מיועד לפינוי בינוי",
פתח-תקווה,בניין,,93,הרצל ,85, המרכז השקט,1950000,5,קומה 2 מתוך 4 ,TRUE,TRUE,FALSE,TRUE,חדש מקבלן,TRUE,FALSE,TRUE,TRUE,מיידי,מלא,,"דירת מרווחת ומוארת במצב מצוין, מרפסת עם נוף נהדר, בשכונה שקטה ונוחה.",
פתח-תקווה,דירה,3,75,הרב קלישר ,27, מחנה יהודה,2100000,1,קומה 2 מתוך 2,TRUE,FALSE,FALSE,TRUE,חדש מקבלן,TRUE,TRUE,TRUE,TRUE,נוב-23,מלא,,"דירת מרווחת ומוארת במצב מצוין, 3 חדרים גדולים, בשכונה שקטה ונוחה.",
פתח-תקווה,דירה,4,108,,,המרכז השקט,2490000,0,קומה 3 מתוך 6,FALSE,FALSE,FALSE,FALSE,משופץ,FALSE,TRUE,TRUE,TRUE,מיידי,לא צויין,,"דירת מרווחת ומוארת במצב מצוין, 4 חדרים גדולים, מרפסת עם נוף נהדר, בשכונה שקטה ונוחה.",
פתח-תקווה,דירה,2.5,49,פינס יחיאל מיכל ,29, המרכז השקט,1575000,0,קומה 3 תוך 19,FALSE,FALSE,FALSE,FALSE,משופץ,TRUE,FALSE,TRUE,FALSE,מיידי,לא צויין,,"דירת מרווחת ומוארת במצב מצוין, 2.5 חדרים גדולים, מרפסת עם נוף נהדר, בשכונה שקטה ונוחה.",
פתח-תקווה,דירה,5,147,גיסין אבשלום ,23, נווה גן,3400000,5,קומה 6 מתוך 9,FALSE,FALSE,TRUE,FALSE,משופץ,TRUE,FALSE,FALSE,TRUE,גמיש,לא צויין,,"דירת מרווחת ומוארת במצב מצוין, 5 חדרים גדולים, מרפסת עם נוף נהדר, בשכונה שקטה ונוחה.",
פתח-תקווה,דירה,6,150,מסקין ,46, כפר גנים ג,4347000,3,קומה 1 מתוך 7,FALSE,FALSE,TRUE,FALSE,משופץ,FALSE,TRUE,FALSE,TRUE,לא צויין,חלקי,,,
פתח-תקווה,דירה,4,95,קיש ,, אחדות,2250000,6,קומה 7 מתוך 16,TRUE,FALSE,FALSE,TRUE,משופץ,FALSE,FALSE,FALSE,FALSE,לא צויין,לא צויין,,,
פתח-תקווה,דירה,5,130,,,כפר גנים ג,3650000,0,קומה 1 מתוך 7,TRUE,TRUE,FALSE,TRUE,שמור,TRUE,TRUE,TRUE,FALSE,מיידי,לא צויין,,,
פתח-תקווה,דירה,4,104,רום יעל ,13, אם המושבות החדשה,3150000,0,קומה 7 מתוך 16,FALSE,TRUE,FALSE,FALSE,משופץ,TRUE,TRUE,TRUE,FALSE,לא צויין,לא צויין,,,
פתח-תקווה,דירה,4,100,,,נווה גן,2660000,0,קומה 1 מתוך 7,FALSE,FALSE,FALSE,FALSE,משופץ,FALSE,FALSE,FALSE,TRUE,דצמ-23,לא צויין,," מרפסת עם נוף נהדר, בשכונה שקטה ונוחה.",
פתח-תקווה,דירה,4,120,גובר רבקה ,9, אם המושבות החדשה,3190000,0,קומה 7 מתוך 10,TRUE,FALSE,FALSE,TRUE,משופץ,FALSE,TRUE,FALSE,FALSE,מיידי,לא צויין,,"דירת מרווחת ומוארת במצב מצוין, 4 חדרים גדולים, מרפסת עם נוף נהדר, בשכונה שקטה ונוחה.",
פתח-תקווה,דירה,4,100,שפירא הרמן צבי ,7, המרכז השקט,2450000,0,קומה 1 מתוך 7,TRUE,FALSE,FALSE,TRUE,משופץ,TRUE,TRUE,TRUE,FALSE,מיידי,לא צויין,,"דירת מרווחת ומוארת במצב מצוין, 4 חדרים גדולים, מרפסת עם נוף נהדר, בשכונה שקטה ונוחה.",
פתח-תקווה,דירה,6,,טבצניק דוד ,, נווה גן,3390000,9,קומה 9 מתוך 16,FALSE,TRUE,TRUE,FALSE,משופץ,TRUE,FALSE,TRUE,FALSE,גמיש,חלקי,,"דירת מרווחת ומוארת במצב מצוין, 6 חדרים גדולים, מרפסת עם נוף נהדר",
פתח-תקווה,דירה,3,78,זכרון יעקב ,46, אם המושבות הותיקה,2550000,3,קומה 1 מתוך 7,TRUE,FALSE,TRUE,FALSE,משופץ,TRUE,FALSE,TRUE,FALSE,לא צויין,לא צויין,,"דירת מרווחת ומוארת במצב מצוין, 3 חדרים גדולים, מרפסת עם נוף נהדר, בשכונה שקטה ונוחה.",
פתח-תקווה,קוטג',8,270,ה באייר ,15, קרית אליעזר פרי,5700000,2,קומת קרקע,FALSE,TRUE,FALSE,FALSE,שמור,TRUE,TRUE,TRUE,FALSE,לא צויין,לא צויין,,"דירת מרווחת ומוארת במצב מצוין, 8 חדרים גדולים, מרפסת עם נוף נהדר, בשכונה שקטה ונוחה.",
פתח-תקווה,דירה,4,90,הוז דב ,4, כפר גנים א,2200000,1,קומה 2 מתוך 2,FALSE,FALSE,TRUE,FALSE,משופץ,FALSE,TRUE,FALSE,FALSE,מיידי,לא צויין,,"דירת מרווחת ומוארת במצב מצוין, 4 חדרים גדולים, מרפסת עם נוף נהדר, בשכונה שקטה ונוחה.",
פתח-תקווה,דירה,4,96,לבון פנחס ,, כפר גנים ב,2320000,8,קומה 4 מתוך 6,TRUE,TRUE,FALSE,TRUE,משופץ,FALSE,TRUE,FALSE,TRUE,יונ-23,לא צויין,,"דירת מרווחת ומוארת במצב מצוין, 4 חדרים גדולים, מרפסת עם נוף נהדר, בשכונה שקטה ונוחה.",
פתח-תקווה,דירה,6,140,,,נווה גן,3690000,7,קומה 3 תוך 19,TRUE,TRUE,TRUE,TRUE,משופץ,TRUE,TRUE,FALSE,TRUE,מיידי,לא צויין,,"דירת מרווחת ומוארת במצב מצוין, 6 חדרים גדולים, מרפסת עם נוף נהדר, בשכונה שקטה ונוחה.",
פתח-תקווה,דירה,5,135,מבצע דקל ,13, נווה גן,3800000,3,קומה 7 מתוך 9,FALSE,FALSE,FALSE,FALSE,לא צויין,TRUE,FALSE,TRUE,FALSE,מיידי,לא צויין,,"דירת מרווחת ומוארת במצב מצוין, 5 חדרים גדולים, מרפסת עם נוף נהדר, בשכונה שקטה ונוחה.",
פתח-תקווה,דירה,3.5,80,סמילנסקי ,15, המרכז השקט,2200000,9,קומה 1 מתוך 10,TRUE,TRUE,TRUE,TRUE,חדש מקבלן,TRUE,TRUE,TRUE,FALSE,גמיש,לא צויין,,"דירת מרווחת ומוארת במצב מצוין, 3.5 חדרים גדולים, מרפסת עם נוף נהדר, בשכונה שקטה ונוחה.",
פתח-תקווה,דירה,5,118,,,נווה גן,3130000,7,קומה 3 מתוך 10,TRUE,FALSE,FALSE,FALSE,חדש מקבלן,TRUE,TRUE,FALSE,FALSE,לא צויין,לא צויין,,,
פתח-תקווה,דירה,5,119,בן צבי יצחק ,, כפר גנים ב,2850000,5,קומה 2 מתוך 8,FALSE,FALSE,FALSE,TRUE,משופץ,FALSE,FALSE,FALSE,FALSE,לא צויין,לא צויין,,,
פתח-תקווה,דירה,4,96,הזוהר ,26, מחנה יהודה,2270000,3,קומה 1 מתוך 7,TRUE,FALSE,TRUE,TRUE,משופץ,FALSE,FALSE,TRUE,TRUE,מיידי,חלקי,,,
פתח-תקווה,דירה,4,118,אלוף רחבעם זאבי ,7, אם המושבות החדשה,3200000,1,קומה 7 מתוך 16,TRUE,FALSE,TRUE,TRUE,משופץ,TRUE,TRUE,TRUE,TRUE,ינו-23,לא צויין,,"דירת מרווחת ומוארת במצב מצוין, 4 חדרים גדולים, מרפסת עם נוף נהדר, בשכונה שקטה ונוחה.",
באר-שבע,דירה,5,148,עוזי נרקיס,8, רמות ב' ,1890000,4,קומה 3 מתוך 5,TRUE,TRUE,TRUE,FALSE,מצב הנכס:משופץ,TRUE,TRUE,TRUE,TRUE,תאריך כניסה:גמיש,ריהוט:ללא,,"מה זמן אתם כבר מחפשים דירת 5 חדרים למכירה ברמות?
אז מצאתם! והבונוס: ללא תיווך!
דירה יפיפיה, בנויה 8 שנים של אביסרור. מתחם מושלם, מושקע ומטופח. קרוב להכל! אבל שקט. ברחוב עוזי נרקיס.
> קומה 3
>148 מ""ר בארנונה
>חניה פרטית
> חימום מים בגז
>יחידת הורים עם שירוקלחת+חדר ארונות
>יחידת מתבגר עם שירוקלחת בכניסה לדירה.
>מחסן קטן למכונת הכביסה והמייבש בנפרד מהמקלחת המרכזית.! מקלחת מרכזית גדולה ומרווחת.
>נוף פתוח לכל באר שבע
> פינת אוכל מוגדרת
>2 דיירים בקומה ללא קירות משותפים!
פשוט תפור למשפחות שמחפשות דירה מרווחת בתכנון מושלם!
וכל זאת: ללא תיווך!",
באר-שבע,דירה,2,52,אליהו הנביא,2, שכונה ד ,540000,10,קומת קרקע,TRUE,TRUE,TRUE,FALSE,מצב הנכס:משופץ,TRUE,FALSE,FALSE,TRUE,תאריך כניסה:גמיש,"ריהוט:מכונת כביסה, כיריים חשמליים, מקררשולחן אוכל +4 כסאות2 שולחנות סלוניים עגולים זכוכיתארון בגדים, מיטה ושידה",,"דירת מקסימה ומוארת בת 2 חדרים ,בארנונה 52.67 כולל שטח ציבורי . שיפוץ יסודי של הדירה כולל החלפת תשתיות צנרת וחשמל. הבנין והלובי עברו שיפוץ. בנין מתוחזק ונקי ,כולל מצלמות,במטרה לשמור על רמת החיים במבנה. דירה מושכרת לסטו 1900שח . לציבור הסטודנטים - 10 דק הליכה לאוניברסיטה (קיים מבנה -שלוחה של האוניברסיטה מול הבניין והאזור כולו בהתפתחות). חנייה בשפע באזור. אין בעיית טאבו! מתווך-אין חתימת בלעדיותקרא עוד",
באר-שבע,דירה,2,54,רחבת חי ל,, שכונה ו ,650000,7,קומה 2 מתוך 4,FALSE,TRUE,TRUE,FALSE,מצב הנכס:שמור,TRUE,FALSE,FALSE,FALSE,תאריך כניסה:לא צויין,ריהוט:לא צויין,,"רחבת החי״ל(ו׳ חדשה)
פצצה להשקעה/ מגורים!!
2 חדרים, 53 מ״ר, קומה 2/4.
דירה מקסימה ומוארת
מושכרת ב-2,400₪ לשנה
בקרבת מרכזי חנויות, גנים ופארקים. 
כניסה יפה ומסודרת.
במחיר מציאה ",
באר-שבע,קוטג',6,182,שמחת כהן,, שכונה ו ,2750000,19,קומת קרקע,FALSE,TRUE,TRUE,TRUE,מצב הנכס:חדש,TRUE,TRUE,TRUE,TRUE,תאריך כניסה:גמיש,ריהוט:לא צויין,,למהירי  החלטה נכס מדהים שלא יוצא כל  יום בקריה החרדית של באר שבע אזור מבוקש מאוד נכס מדהים 6  חד יחידת הורית ענקית בקומת  כניסה ממד חניה ומחסן מרפסת מחדר השינה סורגים  בכל הבית אופן ספייס מדהים לפרטים  נוספים  חפשו  אותנו רונן איסטחרוב יועץ נדלן ,
באר-שבע,דירה,4,120,מרווה,14, שכונה ב ,1730000,10,קומה 4 מתוך 6,TRUE,TRUE,TRUE,FALSE,מצב הנכס:חדש,TRUE,TRUE,TRUE,TRUE,תאריך כניסה:גמיש,ריהוט:לא צויין,,,
באר-שבע,דירה,3,70,שיטרית,7, שכונה יא ,860000,5,קומה 2 מתוך 3,FALSE,TRUE,TRUE,FALSE,מצב הנכס:משופץ,TRUE,FALSE,FALSE,TRUE,תאריך כניסה:גמיש,ריהוט:לא צויין,,"שלום רב, מדובר בדירה בקומה ראשונה . 3 חדרים . הדירה עברה את השיפוץ הבא לפני שנה : צביעה כוללת , החלפת צנרת בכל הבית, חדר אמבטיה חדש (מונגש לנכים ) הבניין הוא חלק מפרויקט שנבחר לעבור פינוי בינוי . כרגע נמצא בשלבים ראשונים ביותר של היזם למול נציגות הבניינים. בדירה יש שני מזגנים , מטבח ודלתות שלא הוחלפו הדירה לא מתיווך . הבניין מתוחזק ברמה גבוהה מאוד וישנה דלת אינטרקום ותיבות דואר חדשות",
באר-שבע,דירה,6,85,שיטרית,, שכונה יא ,1950000,5,קומה 3 מתוך 3,FALSE,TRUE,TRUE,FALSE,מצב הנכס:לא צויין,TRUE,FALSE,FALSE,FALSE,תאריך כניסה:מיידי,ריהוט:לא צויין,,"למכירה מגרש בשכונה היוקרתית ומבוקשת ביותר כלניות.שטח 451 מטר( בודד ולא דו) אם היתר בניה. שלמו מלוא האגרות, היטלים, פיתוח, אדריכל,ותוכניות.יעוד: הקמת בית מגורים חד משפחתי, דו קומתי הכולל יחידת תעסוקה, מרתף, בריכת שחיה וחניות מקורות.",
באר-שבע,דירה,4,80,גוש עציון,, שכונה ג ,860000,8,קומה 1 מתוך 3,FALSE,TRUE,TRUE,FALSE,מצב הנכס:חדש,TRUE,FALSE,FALSE,FALSE,תאריך כניסה:מיידי,"ריהוט:הדירה מאובזרת מקצה לקצה<br />בכל חדר - מיטה ארון שולחן וכיסא<br />מטבח מאובזר בכל מוצרי החשמל - מקרר, תנור, כיריים, מיקרוגל<br /><br />יש מכונת כביסה בדירה מזגנים בכל החדרים ובסלון<br />פשוט להגיע עם תיק בגדים ולהכנס לדירה<br />",,"דירת 4 חדרים 
בכל חדר שירותים ומקלחת פרטיים
משופצת מהיסוד הכל חדש! אינסטלציה חשמל ריצוף מטבח
מרוהטת קומפלט
מרחק של 12 דק הליכה לאוניברסיטה 
5 דק הליכה מרכבת צפון
דירה מהממת שעברה סטיילינג ועיצוב פנים 
פוטנציאל שכירות של 3600 לחודש
תשואה שנתית של מעל 5% 
עסקה מעולה למשקיעים שמחפשים שקט
",
באר-שבע,בית פרטי,35,300,תל חי,8, שכונה א ,1250000,5,קומת קרקע,FALSE,TRUE,TRUE,TRUE,מצב הנכס:שמור,TRUE,TRUE,FALSE,FALSE,תאריך כניסה:מיידי,ריהוט:ללא,,"ללא תיווך (מתווכים נא לא להתקשר)
בית יפה בקרבה למכללה עם חצר גדולה.
הבית היה מושכר עד עכשיו לסטודנטים.
יש אפשרות לבניה נוספת לממד ולהגדלת הבית.
השקעה מצויינת !",
באר-שבע,דירה,3,53,יוחנן הורקנוס,35, שכונה ד ,920000,5,קומת קרקע,FALSE,TRUE,TRUE,FALSE,מצב הנכס:שמור,TRUE,FALSE,FALSE,FALSE,תאריך כניסה:גמיש,ריהוט:חלקי,,"למכירה 

ביוחנן הורקנוס - ללא דמי תיווך, שכונה ד׳, קומת קרקע, 3 חדרים בשטח 53 מר, סמוכה לאוניברסיטה במרחק הליכה במיקום מאד מבוקש לסטודנטים. 
הדירה מושכרת בתמורה ל-2,750 שח לחודש 
מדהימה ביופייה ומתוחזקת.",
באר-שבע,דירה,4,122,האוזנר גדעון,, רמות ב' ,1500000,6,קומה 1 מתוך 6,TRUE,TRUE,TRUE,FALSE,מצב הנכס:חדש,TRUE,TRUE,TRUE,FALSE,תאריך כניסה:לא צויין,ריהוט:לא צויין,,"דירת 4 חדרים בפרויקט מיוחד וחדיש של ""שבה""תכנון דירה ברמה הכי גבוהה, קומפלקס מושלם,מיקום מצוין, בקיצר אין דירות כאלהמרפסת לכיוון הפתוח..מחיר הזדמנות גמיש לקוראי המודעה",
באר-שבע,דירה,4,85,יציאת אירופה,8, שכונה ה ,1050000,6,קומה 1 מתוך 3,FALSE,TRUE,TRUE,FALSE,מצב הנכס:משופץ,TRUE,FALSE,FALSE,FALSE,תאריך כניסה:מיידי,ריהוט:מרוהט קומפלט,,"5.1% תשואה שנתית בעיר באר-שבע:
למכירה דירה מחולקת ל-2 יחידות משופצות ומאובזרות קומפלט.
קומה 1 מתוך 3.
מושכר ב- 4,500ש""ח בנטו.
מיקום הדירה ברחוב יציאת אירופה שכונה ה'
גודל הדירה 85מ""ר ( בארנונה )
יחידה גדולה 45מ""ר
יחידה קטנה 40מ""ר
הנכס בייצוג בלעדי!
אלון בצלאל יועץ נדל""ן בחב' אפיקי הנגב",
באר-שבע,דירה,3,76,צפת,44, שכונה ט ,1090000,12,קומה 5 מתוך 8,TRUE,TRUE,TRUE,FALSE,מצב הנכס:משופץ,TRUE,FALSE,FALSE,FALSE,תאריך כניסה:מיידי,ריהוט:חלקי,,"ללא תיווך - מתווכים נבקשכם לא לפנות :)
דירה מקסימה במיקום מצויין, הדירה משופצת בסטנדרט גבוה, מטבח חדש, דלתות חדשות, שירותים מקלחת ומקלחון חדשים כולל צנרת וביוב חדשים. הדירה כוללת מקרר, תנור, כריים, מכונת כביסה, דוד חשמל, מזגן בכל חדר ומזגן בסלון.
הדירה בבניין נעים ומטופח עם מעלית, בסמוך לגרנד קניון, מוסדות חינוך, חנייה בשפע, מיקום מעולה!! הדירה מושכרת ב-3,150 שח עד ה-1.7.23",
הרצליה,דופלקס,5.5 חד׳,"160 מ""ר",פינס 5,, הרצליה הצעירה ,"₪4,400,000",9,קומה 3 מתוך 3,FALSE,TRUE,FALSE,TRUE,משופץ,TRUE,TRUE,FALSE,FALSE,גמיש,לא צויין,,"דירה מתוחזקת ומפנקת בבניין בוטיק של 3 דירות. הדירה כוללת 3 מרפסות אחת חזיתית לכיוון צפון, מקורה בגודל של כ 25 מ""ר, השנייה חזיתית פתוחה כ 18 מ""ר השלישית עם יציאה מהמטבח מכוסה ברשת צל, פונה לצפון ודרום כ 16 מ""ר. גג הבניין בגודל 54 מ""ר שייך לדופלקס ורשום בטאבו וקיימת יציאה אליו מהקומה השנייה בדירה. מטבח של חברת סמל כולל אי. הדירה בקרבת גני ילדים, בי""ס יסודי ממלכתי וקווי תחבורה ציבורית. פינוי גמיש ללא תיווך.",
הרצליה,דירה,4 חד׳,"123 מ""ר",גולדברג לאה,6, הירוקה המרכזית ,"₪5,130,000",4,קומה 2 מתוך 8,TRUE,TRUE,TRUE,TRUE,שמור,TRUE,TRUE,TRUE,TRUE,גמיש,ללא,,"דירה מעולה! 4 חדרים (כ-110 מר) + 13 מרפסת שמש. מוארת ומרווחת ברח' הכי טוב בירוקה המערבית. מזגן נפרד בכל חדר, ארונות קיר מושקעים. 2 חדרי שירותים ומקלחת. בניין בוטיק בן 6. 23 דירות בבניין. 2 חניות תת קרקעיות, מחסן, וחניית אורחים לדיירי הפרויקט בלבד. ליד הבינתחומי, גנים, בתי""ס, גינות, סופרים, קופ""ח, בריכה, בתי קפה. קרוב לרכבת, לפארק, לקניון ולצירי תנועה מרכזיים. שיוך לבי""ס נבון המבוקש, ללא תיווך",
הרצליה,דירה,4 חד׳,"100 מ""ר",כבוש העבודה,, הירוקה המרכזית ,"₪3,180,000מתיווך",6,קומה 4 מתוך 7,TRUE,TRUE,FALSE,FALSE,שמור,TRUE,TRUE,TRUE,TRUE,מיידי,לא צויין,,"בלב הרצליה הירוקה, דירת 4 חדרים עם מרפסת שמש, 2 מעליות וחניה. מיקום מעולה!צמוד לגינה, בקירבת פארק הרצליה וקרוב ליציאות מהעיר.",
הרצליה,דירת נופש,2 חד׳,"78 מ""ר",העוגן 11,, המרינה ,"₪4,650,000מתיווך",5,קומה 5 מתוך 6,TRUE,TRUE,FALSE,FALSE,חדש,TRUE,TRUE,TRUE,TRUE,מיידי,ריהוט מלא,,סוויטה מפוארת במלון הרודס היוקרתי במרינה הרצליה. סוויטה 78מ סלון + חדר שינה מאוד גדול ומרפסת 17מ מפנקת עם נוף לבריכה ולים ריהוט מלא. חניה בטאבו נוף פתוח לים ולמרינה במלון הרודס המפואר,
הרצליה,דירת גן,3.5 חד׳,"144 מ""ר",פורצי הדרך,36, נוה עמל ,"₪3,300,000",8,קומת קרקע,FALSE,TRUE,FALSE,FALSE,שמור,TRUE,TRUE,TRUE,FALSE,גמיש,ללא,,"דירה מהממת! במיקום מעולה בשכונה קהילתית ומעולה לילדים. יש גינת משחק מול הבית, בתי ספר טובים בעיר, השדות מאחורי הרחוב שקטים וקסומים. בדירה יש אוירה ממש נעימה, ובקיץ בריזה מעולה! החיבור בין הסלון לגינה ממש נעימה ואפשר ממש לחיות בחוץ כל הזמן. השכנים מקסימים. המטבח הוא מקורי מהקבלן, אך ניתן באישור עיריה להגדיל אותה על חשבון מרפסת שרות כך שיש לה פוטנציאל לגדול בחצי.",
הרצליה,דירה,4 חד׳,"96 מ""ר",סולץ אלכסנדר,, הירוקה המרכזית ,"₪3,400,000",1,קומה 1 מתוך 6,TRUE,TRUE,FALSE,FALSE,חדש מקבלן,TRUE,TRUE,TRUE,TRUE,לא צויין,לא צויין,,"פרויקט סולץ 2 הרצליה הירוקה! חדש בשוק! דירות 3 - 4 חדרים עם מרפסות שמש של 12 מ""ר חניון תת קרקעי ולובי מפואר מרחק הליכה למרכז העיר עכשיו במחירי PRESALE אטרקטיביים",
הרצליה,דירה,5 חד׳,"130 מ""ר",מרכז ,,,"₪390,000מתיווך",0,קומה 2 מתוך 4,TRUE,TRUE,FALSE,TRUE,משופץ,TRUE,FALSE,TRUE,TRUE,גמיש,לא צויין,,חדש בשוק למכירה בבלעדיות .במרכז העיר אזור שקט ומבוקש!!קרוב להכל.2 חניות ומחסן,
הרצליה,דירה,3 חד׳,"83 מ""ר",הרב קוק,, מרכז ,"₪2,480,000מתיווך",3,קומה 3 מתוך 3,FALSE,TRUE,FALSE,FALSE,שמור,TRUE,FALSE,FALSE,FALSE,גמיש,לא צויין,,"למכירה דירה 3 חד' בקרבת שכונת גליל ים * דירה ענקית בהזדמנות, בתהליך פינוי בינוי עם אחת החברות הגדולות בארץ - אקרו נדל""ן * במסגרתה תתקבל דירת 4 חדרים חדשה בבניין חדש עם מעלית מרפסת, חנייה בטאבו ומחסן * שטח הדירה יגדל בכ-32 מ""ר * מתאים מאוד למשקיעים וזוגות צעירים * דירה גדולה ומרווחת * רוצים עוד תמונות ופרטים? אני זמין כל יום עד 21.30 ובשישי עד 16.00",
הרצליה,דירה,3 חד׳,"73 מ""ר",סולץ אלכסנדר,, הירוקה המרכזית ,"₪2,850,000",1,קומה 3 מתוך 6,TRUE,TRUE,FALSE,FALSE,חדש מקבלן,TRUE,TRUE,TRUE,TRUE,לא צויין,לא צויין,,"פרויקט סולץ 2 הרצליה הירוקה! חדש בשוק! דירות 3 - 4 חדרים עם מרפסות שמש של 12 מ""ר חניון תת קרקעי ולובי מפואר מרחק הליכה למרכז העיר עכשיו במחירי PRESALE אטרקטיביים",
הרצליה,דירה,5 חד׳,"127 מ""ר",שמואל הנגיד,7, מרכז ,"₪4,300,000",8,קומה 1 מתוך 5,TRUE,TRUE,FALSE,TRUE,חדש,TRUE,TRUE,TRUE,TRUE,גמיש,חלקי,,,
אריאל,דירה,,"98 מ""ר",התבור,1, שכונה ה ,1700000,4,קומה 2 מתוך 3,FALSE,FALSE,FALSE,FALSE,שמור,TRUE,FALSE,TRUE,FALSE,מיידי,לא צויין,,"דירה בת 4.5 חדרים: 3 חדרי שינה + ממ""ד+ סלון. הדירה שטופת אור טבעי, קרובה במרחק הליכה להכל: פארקים, מרכזי קניות, קאנטרי. כולל חניה צמודה, חדר אמבטיה ושירותי אורחים. שמורה ונעימה",
אריאל,דירה,,"151 מ""ר",יפה נוף,16, שכונה ה ,2290000,5,קומה 3 מתוך 4,TRUE,FALSE,FALSE,TRUE,חדש,TRUE,TRUE,TRUE,FALSE,גמיש,חלקי,,"לא מתיווך. דירת 5 חדרים חדשה ומרווחת מאוד בבניין פינתי ברחוב ללא מוצא, מרחק הליכה מהאוניברסיטה. 151 מ""ר בארנונה. מרפסת סוכה עם נוף פתוח. 3 שירותים 2 מקלחות. מטבח, סלון ופינת אוכל ענקיים. 2 חניות צמודות ומחסן צמוד לדירה. מושכרת לסטודנטים. כניסה גמישה.",
אריאל,דירה,,"130 מ""ר",הערבה,31, שכונה ג ,,4,קומה 1 מתוך 4,TRUE,FALSE,FALSE,TRUE,חדש,TRUE,TRUE,TRUE,TRUE,לא צויין,לא צויין,,"דירת 5 חד' ברחוב הערבה המבוקש, שנבנתה בידי חברת ש.א.ג. מיזוג מרכזי, חלונות כפולים בכל הבית, חימום מים בגז ומחסן גדול. בקרבת מעון, גני ילדים, פארקים ובית כנסת. פינוי מידי.",
אריאל,דירה,,"90 מ""ר",רמת הגולן,3, שכונה ד ,,4,קומה 1 מתוך 8,TRUE,FALSE,FALSE,TRUE,שמור,TRUE,TRUE,TRUE,TRUE,מיידי,לא צויין,,"דירה בבניין חדש בן 7 שנים. מרפסת לכיוון הנוף. לדירה חנייה צמודה ומחסן. קרובה לאוניברסיטה, 5 דק' הליכה מהקמפוס התחתון. סניף ביתן מרקט מעבר לכביש ומרכז מסחרי מתחת לבניין. בקרבה לתחבורה ציבורית. אפשר להשכיר תמורת 5,200 ₪ בחודש. במכירה למשקיע יכללו רהיטים ומוצרי חשמל.",
אריאל,דירה,,"184 מ""ר",רמת הגולן,3, שכונה ד ,2420000,4,קומה 2 מתוך 7,TRUE,FALSE,FALSE,TRUE,משופץ,TRUE,TRUE,TRUE,FALSE,גמיש,"הדירה מושכרת לסטודנטים, בכל חדר שינה הותקן מזגן וישנה מיטה ארון ושידה.בדירה 2 שרותים ו2 מקלחות.לדירה מטבח רחב ידים הכולל מקרר, תנור, גז ועוד..",,"השקעה מעולה!! דירת חמישה חדרים 130 מטר + 12 מטר מרפסת במצב מעולה, נבנתה בשנת 2015. לדירה 2 חניות מקורות ומחסן. בדירה 2 שרותים ו2 מקלחות וכן מרפסת הפונה לנוף משגע. מיקום הדירה ליד סופר ומרכז מסחרי במרחק חמש דקות הליכה מהאוניברסיטה. כיום הדירה מושכרת לסטודנטים במחיר קרוב ל- 7000 שח בחודש",
אריאל,דירה,,"83 מ""ר",הפסגה,23, שכונה ב ,1650000,3,קומה 2 מתוך 2,FALSE,FALSE,FALSE,FALSE,משופץ,TRUE,FALSE,FALSE,FALSE,גמיש,לא צויין,,"דירה מדהימה, מוארת,מרווחת עם חללים גדולים. גינה היקפית ענקית, מושקעת ומטופחת! 3 חדרי שינה מרווחים. יחידת  הורים עם חדר רחצה. חדר רחצה מרכזי. חדר שירות. 2 חניות פרטיות. 3 מחסנים. בניין מטופח ומתוחזק!  דירה נגישה**",
אריאל,דו משפחתי,,"165 מ""ר",הערבה,44, שכונה ג ,,5,קומת קרקע,FALSE,FALSE,FALSE,TRUE,חדש,TRUE,FALSE,TRUE,TRUE,לא צויין,לא צויין,,"קוטג' דו משפחתי 5 חדרים, ברחוב הערבה המבוקש. משתרע על פני 165 מ""ר בנוי ו- 150 מ""ר גינה. הבית עבר שדרוג כללי, וכולל חמישה חדרים, 3 שירוקלחת וחדר ארונות. הסלון ופינת האוכל רחבי ידיים. מטבח מודרני ומעוצב של ""מטבחי אניס"". הגינה היקפית, מטופחת וכוללת  פינות ישיבה, דק, עמדת ברביקיו, מחסן ו-2 חניות. קיימות זכויות בנייה נוספות שלא מומשו. מתאים לזוגות צעירים ולמשפחות.",
אריאל,קוטג',,"136 מ""ר",הגליל,24, שכונה ג ,,6,קומת קרקע,FALSE,FALSE,FALSE,FALSE,ישן,TRUE,FALSE,TRUE,TRUE,לא צויין,לא צויין,,"קוטג' פינתי מרווח עם יחידת הורים מבנייה איכותית של בן יקר גת, באזור הכי מבוקש ברחוב הולנדי שקט בלב קהילת שבות אריאל. גינה היקפית ואפשרויות להגיע עם תוספות בנייה עד כ- 200 מ""ר בנוי לפי תב""ע + אופציה לפתוח מרתף לצורך יחידת דיור. במרחק הליכה ממוסדות חינוך, בתי כנסת, תחנות אוטובוסים, בני עקיבא, פארק הנחל והיכל ספורט. כל הקודם זוכה.",
אריאל,דירה,,"96 מ""ר",דרך הציונות,34, שכונה ג ,1750000,0,קומה 1 מתוך 3,FALSE,FALSE,FALSE,FALSE,משופץ,TRUE,FALSE,FALSE,FALSE,לא צויין,לא צויין,,"דירה 4 חדרים כ-96מר בביניין שעבר שיפוץ. בדירה בוצע שיפוץ מלפני שנתיים. מיקום באזור טוב קרוב לגנים, בתי ספר, קופת חולים, פארקים. בדירה יש 2 מרפסות שאחד מהם עם פרגולה, אחד פתוחה מהסלון וקיים גם מרפסת שירות עם דוד חשמל בחוץ. בחדרי שינה קירות מחוממות וחלונות כפולים. מזגנים בכל החדרים. 2 חדרי שירותיםקרא עוד",
אריאל,דירת גן,,"270 מ""ר",דרך רמת הגולן,, שכונה ה ,"₪2,500,000מתיווך",8,קומת קרקע,FALSE,FALSE,FALSE,TRUE,שמור,TRUE,TRUE,TRUE,TRUE,45231,לא צויין,,"דירה מדהימה, מוארת,מרווחת עם חללים גדולים. גינה היקפית ענקית, מושקעת ומטופחת! 3 חדרי שינה מרווחים. יחידת  הורים עם חדר רחצה. חדר רחצה מרכזי. חדר שירות. 2 חניות פרטיות. 3 מחסנים. בניין מטופח ומתוחזק!  דירה נגישה",
אריאל,דירה,,"130 מ""ר",דרך רמת הגולן,2, שכונה ה ,2380000,0,קומה 3 מתוך 6,FALSE,FALSE,FALSE,FALSE,לא צויין,TRUE,FALSE,FALSE,FALSE,לא צויין,ריהוט חדש לדירה,,"ללא תיווך! דירה חדשה מקבלן במיקום הכי טוב באריאל! 130 מטר+מרפסת עם נוף פתוח 5 חדרים, 3 חדרי שירותים ומקלחות מרחק הליכה מהאוניברסיטה סופר, קאנטרי ומרכז מסחרי ברדיוס 200 מטר מהדירה קומה שלישית עם מעלית וחניה בטאבו לרציניים בלבד, השקעה לטווח ארוך או למגורים לפרטים",
דימונה,דירה,5,134,תל לכיש ,22, ממשית ,1300000,18,קומה 2 מתוך 6,1,0,0,1,מיידי,1,0,1,0,,לא צויין,11.08367033,בית יפיפה וגדול חדרים מרווחים קבלן עומר הנדסה מתווכים נא לא להתקשר,
דימונה,דירה,4,85,הרב אלנקוה ,123, נאות הללי ,660000,0,קומה 1 מתוך 4,0,0,0,1,לא צויין,1,0,0,0,,"כולל ריהוט: סלון, מיטות, ארונות בגדים",11.08367346,"למכירה במיקום מצוין דירת 3.5 חדרים קומה 1 עם מרפסת שמש נוף מדהים להרים ולשכונה החדשה. בית מתוחזק מטבח חדש, חשמל ואינסטלציה חדשה. מושכרת ב2400 ש""ח לחודש לטווח ארוך, מצוינת להשקעה. לא לתיווך",
דימונה,פנטהאוז,5,152,תל לכיש ,, ממשית ,1700000,0,,0,0,0,0,,0,0,0,0,,,11.08367669,,
דימונה,דירה,2,53,הרצל ,, יוספטל ,530000,0,קומה 2 מתוך 3,0,1,0,1,מיידי,1,0,1,0,,לא צויין,11.08368053,דירה 2.5 בדימונה אזור  מרכז עיר  אחרי שיפוץ דירה יפה מאוד .למאגר הנכסים הגדול במדינה או למכירת נכס ללא דמי תיווך/ייעוץ במשכנתא בקרו באתרנו AC נכסים ונשמח לעזור!    ,
דימונה,דירה,3,62,"מ""ג המעפילים ",217, יוספטל ,630000,0,קומה 3 מתוך 3,0,0,0,1,לא צויין,1,0,0,0,,"יש ספה, שידה מקררמיטה זוגית ללא מזרןועוד כמה רהיטים",11.08368447,דירה 3 וחצי חדרים במצב מצויין מול המרכז המסחרי אזור מרכזי ליד כל מה שצריך בתי ספר גנים,
דימונה,דירה,3.5,74,חטיבת גולני ,3, נווה דוד ,745000,9,קומה 5 מתוך 5,1,1,1,1,גמיש,1,0,1,1,,חלקי,11.08368839,"דירת 3 וחצי חדרים בפרויקט הכי נחשק בנווה דוד.
הדירה משופצת חצי חדר עבר הרחבה לחדר שלם 
כך שהדירה משמשת כ 4 חדרים.
בכל קומה יש ממ""ד ענק משותף וכמו כן מעלית בבניין.
ברגע המכירה בעל הדירה מתחיל לשלם שכירות עד אוגוסט 2024
כך שהעסקה מצוינת גם למשקיעים",
דימונה,דירה,3,80,הרב שלום שבזי ,, חכמי ישראל (תשלוז) ,620000,0,קומה 2 מתוך 2,0,1,0,1,מיידי,0,1,1,0,,לא צויין,11.08369195,"דירה יפה 3 חדרים בדימונה בשכונה תשלוז ,אזור מבוקש ,מצב מצוין
 למאגר הנכסים הגדול במדינה או למכירת נכס ללא דמי תיווך/ייעוץ במשכנתא בקרו באתרנו AC נכסים ונשמח לעזור! ",
דימונה,דירה,3,64,שדרות הנשיא ,, פרחי ארצנו ,560000,7,קומה 2 מתוך 3,0,0,0,0,לא צויין,0,0,0,0,,לא צויין,11.08369495,"חדש בבלעדיות למכירה בדימונה בשד' הנשיא במיקום מרכזי קומה ב' 3 חד' 64 מ""ר מושכרת - מעולה למשקיעים",
דימונה,דירה,4,120,תל לכיש ,2, ממשית ,1070000,0,קומה 7 מתוך 8,1,0,0,0,לא צויין,1,0,1,1,,לא צויין,11.08369883,"דירה מקסימה ושמורה. בעלת חנייה מקורה הממוקמת בכניסה לבניין ומרפסת סוכה (מתאימה לשומרי מסורת). מטבח משודרג ומרווח, ממ""ד ענק, מקלחות משודרגות, חדר כביסה עם אחסון עד התקרה ובעיקר המון מזל וברכה :)",
דימונה,דירה,3,67,שדרות גולדה מאיר ,105, נווה דוד ,700000,9,קומה 1 מתוך 3,0,0,1,0,גמיש,1,0,0,0,,לא צויין,11.08370239,"דירת 3 חדרים, משופצת, צנרת חדשה, עם מיזוג בכל החדרים, נמצאת באזור מרכזי בעיר , מול הקניון החדש! מתאימה למגורים ולהשקעה!",
דימונה,דירה,4,75,המעפיל ,, שכונה לדוגמא ,560000,8,קומה 2 מתוך 3,0,0,0,0,גמיש,0,0,0,0,,לא צויין,11.08370589,"חדש בבלעדיות למכירה בדימונה בשכונה לדוגמה בבניין משופץ קומה 2/3 , 4 חדרים 75 מ""ר מושכרת ",
דימונה,דירה,4,98,תל לכיש ,, ממשית ,1025000,5,קומה 4 מתוך 8,0,0,0,0,לא צויין,0,1,0,0,,לא צויין,11.08370941,"*משופצת מהיסוד*98 מ""ר*13 מ""ר מרפסת*קומה 4*ממ""ד*מזגן מרכזי**פינוי גמיש*קרוב למרכזי קניות ולמוסדות חינוך*אזור מבוקש עם שכנים מעולים",
דימונה,דירה,3,104,רבי נחמן מאומן ,22, מלכי ישראל ,6000000,5,קומה 7 מתוך 8,1,0,0,0,גמיש,1,0,1,0,,לא צויין,11.08371268,דירה יפהפיה חדשה מקבלן 3 חדרים מסירה מיידית כרגע מושכרת ב 3000 שח משופצת מצויינת להשקעה ... ולמגורים,
דימונה,דירה,3,65,שדרות הנשיא ,44, פרחי ארצנו ,600000,0,קומה 2 מתוך 3,0,0,0,0,לא צויין,1,0,0,0,,דירה 65 מטר במיקום מרכזי ממול העירייה ומרכז המסחרי של העיר,11.08371665,דירה 65 מטר במיקום מרכזי ממול העירייה ומרכז המסחרי של העיר,
דימונה,קוטג',5,130,תל ערד ,, ממשית ,1650000,5,קומת קרקע,0,1,0,1,גמיש,0,0,0,0,,לא צויין,11.08371988,בית 5 חדעם תוספות בניה עם אישורים153 מ״ר ברוטומגרש 250 מ״רגינה כ 120 מ״ר,
דימונה,דירה,4,138,הרב אליעזר אבוחצירה ,, השחר ,1330000,10,קומה 3 מתוך 5,1,1,0,0,לא צויין,1,1,1,0,,לא צויין,11.08372343,"בשכונה החדשה בדימונהפרוייקט של עומר הנדסהדירת 4 חדרים138 מ""רמרפסתממ""דמעליתחניהמשופצת ברמה גבוהה!!!",
דימונה,דירה,3,74,חטיבת הראל ,82, נווה דוד ,580000,13,קומה 2 מתוך 3,0,0,0,1,גמיש,1,1,0,0,,חלקי,11.0837268,"בנווה דוד - שכונה טובה בדימונה, דירת 3 חדרים יפה עם אוורור טוב, קרובה לתחבורה ציבורית ולקניון דמרי ושופרסל. דורשת תיקונים קלים בחדר האמבטיה ובמרפסת על התקרה. יש שני מחסנים: אחד 10 מ""ר בקומת הקרקע בין העמודים, השני מתחת למדרגות (נוח מאוד לאופניים או קורקינט חשמלי)
מרוהט חלקי. מזגן מיני מרכזי, מקרר, תנור גז, מכונת כביסה, ספה וכורסא, פינת אוכל במטבח, מזנון, מיטה זוגית וסט חדר שינה",
דימונה,דירה,3,65,מרחבים ,131, שכונה לדוגמא ,540000,6,קומה 3 מתוך 3,0,0,1,0,מיידי,1,0,0,0,,חלקי,11.08373005,"דירה מדהימה להשקעה. 
מרווחת, מחולקת טוב וממוקמת באזור עם ביקוש גדול.",
דימונה,דירה,3,,בבא סאלי ,, פרחי ארצנו ,580000,4,קומה 1 מתוך 4,0,0,0,0,לא צויין,0,0,0,0,,לא צויין,11.08373277,*ברחוב בבא סאלי *קומה 1*3 חדרים *כ-60 מר ,
דימונה,דירה,2.5,46,טיילת הספורט ,144, מלכי ישראל ,500000,7,קומה 2 מתוך 2,0,0,0,0,מיידי,1,0,0,0,,לא צויין,11.08373565,"דירת .חלומית 2.5 חדרים יפיפייה, משופצת מהיסוד מטבח מנגר שייש דקתון דלתות פולימר מזגנים, מרוהטת ומאובזרת 50 מ מהקניון החדש שכונה המבוקשת,  לפרטים לפנות באין מענה תשאירו הודעה ונחזור 
✅ דירת 2 חדרים.
✅ משופצת מהיסוד ברמה גבוהה!
מושכר ב 2300 שח",
דימונה,דירה,5,139,תל לכיש ,4, ממשית ,1390000,0,קומה 2 מתוך 7,0,0,0,0,לא צויין,1,0,1,0,,לא צויין,11.08373938,דירת 5 חדרים 127 פלוס 12 מטר מרפסת חניה מול הכניסה תכנון מעולה מרפסת סגורה עם מרקיזה שכנים טובים בניין מתוחזק היטב,
דימונה,דירה,4,120,הרב אברהם קוק ,42, השחר ,1650000,0,קומה 1 מתוך 8,1,0,0,0,לא צויין,1,0,1,1,,לא צויין,11.0837432,"דירה חדשה ומשודרגת מקבלן,מזגן מיני מרכזי כולל הנמכת תיקרה,מטבח 8 מטר,כניסה מיידית,כל הקודם זוכה,לא בשבת",
דימונה,דירת גן,3,74,,,,900000,8,קומת קרקע,0,0,1,1,גמיש,1,1,1,1,,לא צויין,11.08374666,"דירת גן בתשלוז 3 חדרים74 מר ארנונהמשופצתמושכרת ב 3,000₪ 100 מר גינהכולל מחסן וסככה מאושר!מחיר שיווק 1M₪",
דימונה,דירה,3,79,יהודה הלוי ,, חכמי ישראל (תשלוז) ,685000,0,,0,0,0,0,,0,0,0,0,,,11.08374684,,
דימונה,דירה,4,92,שלמה אבן גבירול ,34, חכמי ישראל (תשלוז) ,750000,0,קומה 1 מתוך 2,0,0,1,1,לא צויין,1,0,0,0,,לא צויין,11.08375004,מעולה למשקיעים! יש שוכר לטווח ארוך ב2800 שח. יש מיזוג לכל הדירה. דירה במצב מצויין! ללא תיווך! עדיף לשלוח ווצאפ,
דימונה,דירה,4,123,ירושלים ,10, ממשית ,1250000,0,,0,0,0,0,,0,0,0,0,,,11.08375018,,
דימונה,דירה,4,80,דרך השלום ,, שכונה לדוגמא ,575000,0,,0,0,0,0,,0,0,0,0,,,11.08375022,,
דימונה,דירה,4,96,משעול רוגל ,, נווה דוד ,610000,0,,0,0,0,0,,0,0,0,0,,,11.08375026,,
דימונה,דירה,3,68,צוקרמן יצחק רחבה ,1, הנצחון ,620000,0,,0,0,0,0,,0,0,0,0,,,11.08375029,,
רחובות-ישראל,דירה,4 חד׳,"146 מ""ר", חזון איש,12, רחובות הצעירה,2590000,0,קומת קרקע,TRUE,FALSE,FALSE,TRUE,שמור,TRUE,FALSE,TRUE,TRUE,None,None,None,"דירה מקסימה ושמורה כחדשה. נרכשה ב-2013 מקבלן ומאז התגורר בה דייר אחד. הדירה כוללת סוויטת הורים, חדר ילדים, ממ""ד המשמש כחדר שינה, מטבח פתוח, מרפסת שירות, פינת אוכל, סלון רחב ידיים, מפרסת שמש ענקית של 35 מ""ר הפונה לפארק לכיוון צפון מערב (מתוכם 18 מ""ר מקורים), מחסן דירתי צמוד לדירה של כ-5 מ""ר וחנייה בטאבו. פינוי גמיש. ללא תיווךקרא עוד",
רחובות-ישראל,דירה,4 חד׳,"103 מ""ר", לסקוב חיים,9, היובל,2350000,0,קומה 9,TRUE,FALSE,TRUE,TRUE,שמור,TRUE,FALSE,TRUE,TRUE,None,None,None,"דירת 4 חדרים בקומה 9, מוארת, נעימה, נוף להרי ירושלים. ממד, 2 חניות מקורות, מחסן מרווח בטאבו. יציאה לכביש מנחם בגין העוקף המזרחי ולכביש 40. בקרבת מרכז מסחרי, גנים, בתי ספר יסודיים ועל יסודיים. בניין מטופח, מתוחזק היטב. 2 מעליות. ללא תיווך. ניתן לפנות בוואצאפ מתי שרוצים",
רחובות-ישראל,דירה,5 חד׳,"127 מ""ר", פרופ' קציר אפרים,, רחובות המדע,3390000,16,קומה 5 מתוך 9,TRUE,TRUE,TRUE,TRUE,חדש מקבלן,TRUE,TRUE,TRUE,TRUE,7.23,None,None,"דירה מרווחת, מוארת, מושקעת ומעוצבת אדריכלית, במיקום הטוב ביותר בשכונת המדע. דירה עורפית, ללא רעש מפארקים ציבוריים.מרפסת שמש גדולה, מטבח ענק, משודרג ויוקרתי לאוהבי הבישול והאירוח, עם אי גדול במיוחד שמתאים לשישה סועדים.חניה פרטית רחבה ומקורה, מול הכניסה לבניין. מחסן צמוד לדירה, חדרים מרווחים ומוארים, עם סורגים מעוצבים.דקת הליכה מהגנים, ביה""ס והמתנ""ס.קרוב ליציאה מהשכונה, בלי פקקים.כניסה ביולי 23",
רחובות-ישראל,דירה,4 חד׳,"106 מ""ר", כובשי החרמון,, שעריים,2350000,9,קומה 4 מתוך 8,TRUE,TRUE,FALSE,TRUE,משופץ,TRUE,TRUE,TRUE,TRUE,גמיש ,None,None,"דירה גדולה ומרווחת בבניין שעבר תמ""א 38. סלון ענק עם מקום לפינת אוכל. חדרים גדולים (ממ""ד כ 15 מטר). מרפסת שמש 14 מטר. 2 חניות ומחסן. בניין מטופח, מעלית עם פיקוד שבת. מרחק הליכה ממרכז העיר, ממוסדות חינוך ומרכזי קניות. צמוד לשכונת שרונה היובל.",
רחובות-ישראל,דירה,4 חד׳,"110 מ""ר", אחד העם,1, מרכז העיר,2300000,0,קומה 1 מתוך 8,TRUE,FALSE,FALSE,FALSE,שמור,TRUE,FALSE,TRUE,FALSE,None,None,None,"מיקום סופר מרכזי , בניין נעים ונקי שכנים נחמדים דירה גדולה ומרווחת. 3 חדרי שינה גדולים וסלון רחב ידיים. שתי מקלחות ואמבטיה, אפשרות לחניה תת קרקעית בתשלום חודשי. ממ""ד קומתי. דירה מחולקת נהדר מוארת עם אויר טוב (צפוןמזרח) מזגנים בכל החדרים. דירה שמורה במצב מצויין. כרגע מושכרת ללא אופציה. *ללא תיווך. ולא למתווכים*קרא עוד",
רחובות-ישראל,דירת גן,3.5 חד׳,"132 מ""ר", הר הצופים,25, רחובות ההולנדית,4200000,0,קומת קרקע,FALSE,FALSE,TRUE,TRUE,שמור,TRUE,FALSE,TRUE,TRUE,None,None,None,"למכירה ללא תיווך דירת גן בשכונת רחובות ההולנדית האיכותית. נרכשה על ידי מקבלן לפני 12 שנה ומאז מושכרת לאותו הדייר. משודרגת כולל גינה מטופחת. מרחק הליכה ממסגרות חינוך, ספורטק ומרכז מסחרי. עורפית ושקטה גודל הדירה 126 מ""ר בנוי, בנוסף 150 מ""ר גינה, 6 מ""ר מחסן בטאבו, 2 חניות (מקבילות זו לזו ללא חסימה) בטאבו. הדירה רשומה כ3.5 חדרים אולם ניתן מבנית ובקלות לסגור חדר נוסף- גדול ומרווח. אפשרות פינוי באוג 23קרא עוד",
רחובות-ישראל,דירה,5 חד׳,"100 מ""ר", בנימין,, מרכז העיר,1950000,5,קומה 5 מתוך 6,TRUE,TRUE,FALSE,TRUE,משופץ,TRUE,FALSE,FALSE,TRUE,גמיש ,None,None,"במיקום מושלם במרכז העיר רחובות, דירת 5 חדרים גדולה ומרווחת, נוף פתוח, מוארת מאד, חדרים גדולים, צמודה להיכל התרבות ומרחק הליכה ממכון ויצמן, הפקולטה לחקלאות ומרכז העיר. חניה ומחסן בטאבו. מעלית. מתאימה למגורים ולמשקיעים!",
רחובות-ישראל,דירה,4 חד׳,"105 מ""ר", חזון איש,8, רחובות הצעירה,2620000,12,קומה 4 מתוך 6,TRUE,TRUE,TRUE,FALSE,משופץ,TRUE,TRUE,TRUE,TRUE,גמיש ,None,None,למכירה בשכונת רחובות הצעירה במיקום מרכזי במרכז השכונהדירה מרווחת ונעימהמטבח משודרג2 מרפסות שמש (1 מהן מרפסת סוכה)חניה עילית נוף פתוח - צופה לפארק השכונתיצרו קשר לתיאום סיור,
רחובות-ישראל,דירה,4 חד׳,"100 מ""ר", הר הצופים,7, רחובות ההולנדית,2580000,0,קומה 1 מתוך 7,TRUE,FALSE,TRUE,TRUE,שמור,TRUE,FALSE,TRUE,TRUE,None,"מקרר, גז, שולחן, מיטה זוגית. כמעט כל מה שרוצים ניתן להשאיר",None,דירת 4 חדרים הכי טובה בהולנדית: 2 חניות נפרדות מקורות - *לא עוקבות* - בטאבו חלונות שהוחלפו לזיגוג כפול אסלות תלויות פרקט בחדרים מטבח מחודש רשתות בכל הדירה! מרפסת שמש מקסימה דירה מרווחת ונעימה! ללא תיווך- מתווכים נא לא לפנות!!!,
רחובות-ישראל,דירה,5 חד׳,"117 מ""ר", מגיני הגליל,53, קרית דוד,2480000,13,קומה 2 מתוך 7,TRUE,TRUE,TRUE,TRUE,משופץ,TRUE,TRUE,TRUE,TRUE,גמיש ,חלקי,None,"דירת 5 חדרים שמורה בניצול מקסימלי, שופצה לאחרונה כולל החלפת כלל הצנרת ל-sp, מקלחות ושירותים חדשים (נסתרים ותלויים) . כל דלתות הפנים חדשות, ממוזגת (3 מזגני תדיראן חדשים), סורגי טרילידור בכל החלונות, מרפסת פתוחה לכיוון צפון-מערב (אופק פתוח לראשל""צ/באר-יעקב). מערכת מים סולארית (דוד חשמלי וקולטי שמש) במרפסת שירות שביציאה מהמטבח. 4 מחסנים משותפים גדולים. הלובי (תאורה, אינטרקום, ת.ד) שופץ, הבנין מתוחזק ע""י חברת ניהול מעולה. ממוקמת בסמיכות למרכז מסחרי (סופרמרקט, קופות חולים, בית מרקחת BE, גנים ציבוריים, מוסדות חינוך ועוד). יציאה מהירה לכביש 40 ו-431 (בנין אחרון בעוקף פארק המדע)",
פתח תקווה,דירה,5.5,137,רפאלי שרגא,3,אם המושבות החדשה,3600000,6,קומה 11 מתוך 19,TRUE,FALSE,TRUE,FALSE,שמור,TRUE,FALSE,TRUE,TRUE,גמיש,,7,"למכירה 5.5 חדרים ענקית, מרווחת , מוארת , קומה גבוהה (11) נוף פתוח.רחוב שקט. בקרבת מרכז מסחרי בתי ספר וגנים. פינוי גמיש. מתווכים לא להתקשר רצוי לתאם בווסטאפ לפני",
פתח תקווה,דירה,3,84,כצנלסון אהרון,6,נווה גן,2550000,6,קומה 6 מתוך 9,TRUE,FALSE,TRUE,TRUE,שמור,TRUE,FALSE,TRUE,FALSE,מיידי,,8,"למכירה מפרטי ברחוב אהרון כצנלסון השקט והמבוקש, דירת 3 חדרים עורפית, מקסימה ומרווחת,ע ם יחידת הורים, שלושה כיווני אוויר ובקרבה למוסדות חינוך, לרכבת הקלה, הקניון הגדול וגישה לכל היציאות מפ""ת",
פתח תקווה,דירה,4,120,הירקונים,17,קרית הרב סלומון,2650000,10,קומה 2 מתוך 7,TRUE,TRUE,TRUE,TRUE,חדש,TRUE,TRUE,TRUE,FALSE,גמיש,חלקי,6,"פריים לוקשיין בשכונת שיפר המאוד מבוקשת!!! למכירה דירת 4 חדרים בנניין פינתי הירקונים/ספיר. שכונה ירוקה ושקטה! קרובה לכל מקום-ציר הרכבת הקלה-מרחק הליכה. יציאות מהעיר, מרחק הליכה עד לתחנת רכבת סגולה ועוד. דירה מרווחת עם כ-100 מ""ר בנוי+ מרפסת שמש ענקית כ-16 מ""ר + מחסן צמוד 5 מ""ר . חניה גדולה, + חידת הורים ומזגן בכל חדר. שווה לבקר!!!קרא עוד",
פתח תקווה,דירה,3.5,110,סלנט שמואל,56,המרכז השקט,2450000,8,קומה 2 מתוך 6,TRUE,FALSE,TRUE,FALSE,משופץ,TRUE,FALSE,TRUE,TRUE,גמיש,חלקי,8,"בפתח תקווה ברחוב שמואל סלנט המבוקש,לא כדאי לפספס!!! כ102 מטר בארנונה פלוס מרפסת. 3.5 חדרים ענקיים קומה 2 מעלית,ממ""ד,מרפסת שמש ומזגנים בכל החדרים,ללא תיוון!!! מתווכים נא לא להתקשר :)",
פתח תקווה,דירה,4.5,120,בן צבי יצחק,28,כפר גנים ב,2720000,9,קומה 3 מתוך 6,TRUE,TRUE,FALSE,FALSE,משופץ,TRUE,TRUE,TRUE,TRUE,גמיש,,21,"הדירה משופצת חלקית בטעם טוב , פונה לעורף לכיוון המערב .יש מרפסת שמש של 20 מ""ר , ממ""ד מעלית וחנייהמבחינת אזור - הרחוב שקט ופסטורלי המון גני שעשועים בסביבה במרחקי הליכה. ממש מעבר לכביש יש מכולת שכונתית מעולה .מרכז קניות (מרכז אורון) שיש בו כל מה שצריכים. ועוד נתון חשוב גישה נוחה ליציאה מהעיר (כביש 471 ) ממש כמה דקות ואתם שם.",
פתח תקווה,דירה,4,120,ההסתדרות,2,מרכז העיר,2550000,3,קומה 3 מתוך 6,TRUE,TRUE,TRUE,FALSE,משופץ,TRUE,FALSE,FALSE,TRUE,גמיש,חלקי,8,"במיקום מצוין , דירה ענקית משופצת ויפיפייה, חניה מקורה בטאבו, 3 כיווני אויר, 6 דקות הליכה מהרכבת הקלה , 5 דקות הליכה לשוק, גמיש במחיר.",
פתח תקווה,דירה,4,98,רוטשילד,18,קרול,2640000,5,קומה 6 מתוך 8,TRUE,TRUE,TRUE,FALSE,שמור,TRUE,TRUE,FALSE,FALSE,גמיש,,9,"דירה ענקית ומרווחת , קומה 6 כיוון כללי מערב , ללא בניינים גבוהים צמודים , 30 מטר מהרכבת הקלה , שמורה ומסודרת , סלון וחדרים ענקיים , ארונות קיר בחדרים , מטבח שמור כחדש , מזגן בכל חדר , ובסלון , 2 שרותים , 2 מקלחות , מרפסת שרות",
פתח תקווה,דירה,5.5,140,רפאל איתן,1,אם המושבות החדשה,3650000,5,קומה 7 מתוך 24,TRUE,FALSE,TRUE,TRUE,משופץ,TRUE,FALSE,TRUE,FALSE,גמיש,,9,"דירה מרווחת מוארת וענקית שמרגישים מהרגע הראשון שנכנסים. מרפסת כ- 20 מטר (ללא בניינים ממול) הדירה מגיעה עם 2 מחסנים:"" אחד צמוד לדירה, ניתן להוריד ולהגדיל סלון ועוד מחסן גלריה כ- 12 מטר. כל הבית עם רשתות וסורגים מטבח משודרג ויוקרתי חימום מים על גז יחידת הורים מפנקת +חדר ארונות בקרבה לגנים, בי""ס, מרכזים מסחריים. נכס מאוד מרשים שלא רואים הרבה באם המושבות",
פתח תקווה,דירה,5,147,גיסין אבשלום,23,נווה גן,3400000,4,קומה 11 מתוך 14,TRUE,TRUE,FALSE,TRUE,חדש מקבלן,TRUE,TRUE,TRUE,TRUE,מיידי,לא,10,"למכירה דירה חדשה בפרויקט היוקרתי של ""קטה"" נווה גן צפון דירת 5 חד' 129 מ""ר בנוי פלוס 18.5 מ""ר מרפסת , בנויה בסטנדרט בניה גבוה, כולל מחסן צמוד וחניה מקורה, יחידת הורים עם חדר ארונות מזגן מרכזי פלוס יחידה בחדר הורים דירה עם נוף מטורף שווה במיוחד!!!",
פתח תקווה,דירה,4,100,אלוף רחבעם זאבי,,אם המושבות החדשה,2980000,7,קומה 2 מתוך 9,TRUE,TRUE,FALSE,FALSE,חדש,TRUE,TRUE,TRUE,TRUE,45108,,60+,"במיקום הטוב באם המושבות, דירת 4 חדרים מיוחדת בת 100 מ""ר. עם סוויטת הורים, מרפסת שמש פונה עם נוף פתוח ושקט מטבח משודרג עם אי, חלל אירוח מרווח , סוויטת הורים, מיזוג אוויר וחנייה לובי מפואר ואיכותי. בקרבה ליציאות מהשכונה. לפרטים נוספים התקשרו",
פתח תקווה,דירה,3,75,הרב קלישר,27,מחנה יהודה,2100000,4,קומה 2 מתוך 6,TRUE,TRUE,FALSE,FALSE,שמור,TRUE,TRUE,TRUE,FALSE,גמיש,חלקי,10,"2 חניות, דירה שמורה ויפה מלאת אור ברחוב מבוקש מאד ושקט.",
רחובות-ישראל,דירה,4 חד׳,"146 מ""ר", חזון איש,12, רחובות הצעירה,2590000,0,קומת קרקע,TRUE,FALSE,FALSE,TRUE,שמור,TRUE,FALSE,TRUE,TRUE,None,None,None,"דירה מקסימה ושמורה כחדשה. נרכשה ב-2013 מקבלן ומאז התגורר בה דייר אחד. הדירה כוללת סוויטת הורים, חדר ילדים, ממ""ד המשמש כחדר שינה, מטבח פתוח, מרפסת שירות, פינת אוכל, סלון רחב ידיים, מפרסת שמש ענקית של 35 מ""ר הפונה לפארק לכיוון צפון מערב (מתוכם 18 מ""ר מקורים), מחסן דירתי צמוד לדירה של כ-5 מ""ר וחנייה בטאבו. פינוי גמיש. ללא תיווךקרא עוד",
רחובות-ישראל,דירה,4 חד׳,"103 מ""ר", לסקוב חיים,9, היובל,2350000,0,קומה 9,TRUE,FALSE,TRUE,TRUE,שמור,TRUE,FALSE,TRUE,TRUE,None,None,None,"דירת 4 חדרים בקומה 9, מוארת, נעימה, נוף להרי ירושלים. ממד, 2 חניות מקורות, מחסן מרווח בטאבו. יציאה לכביש מנחם בגין העוקף המזרחי ולכביש 40. בקרבת מרכז מסחרי, גנים, בתי ספר יסודיים ועל יסודיים. בניין מטופח, מתוחזק היטב. 2 מעליות. ללא תיווך. ניתן לפנות בוואצאפ מתי שרוצים",
רחובות-ישראל,דירה,5 חד׳,"127 מ""ר", פרופ' קציר אפרים,, רחובות המדע,3390000,16,קומה 5 מתוך 9,TRUE,TRUE,TRUE,TRUE,חדש מקבלן,TRUE,TRUE,TRUE,TRUE,7.23,None,None,"דירה מרווחת, מוארת, מושקעת ומעוצבת אדריכלית, במיקום הטוב ביותר בשכונת המדע. דירה עורפית, ללא רעש מפארקים ציבוריים.מרפסת שמש גדולה, מטבח ענק, משודרג ויוקרתי לאוהבי הבישול והאירוח, עם אי גדול במיוחד שמתאים לשישה סועדים.חניה פרטית רחבה ומקורה, מול הכניסה לבניין. מחסן צמוד לדירה, חדרים מרווחים ומוארים, עם סורגים מעוצבים.דקת הליכה מהגנים, ביה""ס והמתנ""ס.קרוב ליציאה מהשכונה, בלי פקקים.כניסה ביולי 23",
רחובות-ישראל,דירה,4 חד׳,"106 מ""ר", כובשי החרמון,, שעריים,2350000,9,קומה 4 מתוך 8,TRUE,TRUE,FALSE,TRUE,משופץ,TRUE,TRUE,TRUE,TRUE,גמיש ,None,None,"דירה גדולה ומרווחת בבניין שעבר תמ""א 38. סלון ענק עם מקום לפינת אוכל. חדרים גדולים (ממ""ד כ 15 מטר). מרפסת שמש 14 מטר. 2 חניות ומחסן. בניין מטופח, מעלית עם פיקוד שבת. מרחק הליכה ממרכז העיר, ממוסדות חינוך ומרכזי קניות. צמוד לשכונת שרונה היובל.",
רחובות-ישראל,דירה,4 חד׳,"110 מ""ר", אחד העם,1, מרכז העיר,2300000,0,קומה 1 מתוך 8,TRUE,FALSE,FALSE,FALSE,שמור,TRUE,FALSE,TRUE,FALSE,None,None,None,"מיקום סופר מרכזי , בניין נעים ונקי שכנים נחמדים דירה גדולה ומרווחת. 3 חדרי שינה גדולים וסלון רחב ידיים. שתי מקלחות ואמבטיה, אפשרות לחניה תת קרקעית בתשלום חודשי. ממ""ד קומתי. דירה מחולקת נהדר מוארת עם אויר טוב (צפוןמזרח) מזגנים בכל החדרים. דירה שמורה במצב מצויין. כרגע מושכרת ללא אופציה. *ללא תיווך. ולא למתווכים*קרא עוד",
רחובות-ישראל,דירת גן,3.5 חד׳,"132 מ""ר", הר הצופים,25, רחובות ההולנדית,4200000,0,קומת קרקע,FALSE,FALSE,TRUE,TRUE,שמור,TRUE,FALSE,TRUE,TRUE,None,None,None,"למכירה ללא תיווך דירת גן בשכונת רחובות ההולנדית האיכותית. נרכשה על ידי מקבלן לפני 12 שנה ומאז מושכרת לאותו הדייר. משודרגת כולל גינה מטופחת. מרחק הליכה ממסגרות חינוך, ספורטק ומרכז מסחרי. עורפית ושקטה גודל הדירה 126 מ""ר בנוי, בנוסף 150 מ""ר גינה, 6 מ""ר מחסן בטאבו, 2 חניות (מקבילות זו לזו ללא חסימה) בטאבו. הדירה רשומה כ3.5 חדרים אולם ניתן מבנית ובקלות לסגור חדר נוסף- גדול ומרווח. אפשרות פינוי באוג 23קרא עוד",
רחובות-ישראל,דירה,5 חד׳,"100 מ""ר", בנימין,, מרכז העיר,1950000,5,קומה 5 מתוך 6,TRUE,TRUE,FALSE,TRUE,משופץ,TRUE,FALSE,FALSE,TRUE,גמיש ,None,None,"במיקום מושלם במרכז העיר רחובות, דירת 5 חדרים גדולה ומרווחת, נוף פתוח, מוארת מאד, חדרים גדולים, צמודה להיכל התרבות ומרחק הליכה ממכון ויצמן, הפקולטה לחקלאות ומרכז העיר. חניה ומחסן בטאבו. מעלית. מתאימה למגורים ולמשקיעים!",
רחובות-ישראל,דירה,4 חד׳,"105 מ""ר", חזון איש,8, רחובות הצעירה,2620000,12,קומה 4 מתוך 6,TRUE,TRUE,TRUE,FALSE,משופץ,TRUE,TRUE,TRUE,TRUE,גמיש ,None,None,למכירה בשכונת רחובות הצעירה במיקום מרכזי במרכז השכונהדירה מרווחת ונעימהמטבח משודרג2 מרפסות שמש (1 מהן מרפסת סוכה)חניה עילית נוף פתוח - צופה לפארק השכונתיצרו קשר לתיאום סיור,
רחובות-ישראל,דירה,4 חד׳,"100 מ""ר", הר הצופים,7, רחובות ההולנדית,2580000,0,קומה 1 מתוך 7,TRUE,FALSE,TRUE,TRUE,שמור,TRUE,FALSE,TRUE,TRUE,None,"מקרר, גז, שולחן, מיטה זוגית. כמעט כל מה שרוצים ניתן להשאיר",None,דירת 4 חדרים הכי טובה בהולנדית: 2 חניות נפרדות מקורות - *לא עוקבות* - בטאבו חלונות שהוחלפו לזיגוג כפול אסלות תלויות פרקט בחדרים מטבח מחודש רשתות בכל הדירה! מרפסת שמש מקסימה דירה מרווחת ונעימה! ללא תיווך- מתווכים נא לא לפנות!!!,
רחובות-ישראל,דירה,5 חד׳,"117 מ""ר", מגיני הגליל,53, קרית דוד,2480000,13,קומה 2 מתוך 7,TRUE,TRUE,TRUE,TRUE,משופץ,TRUE,TRUE,TRUE,TRUE,גמיש ,חלקי,None,"דירת 5 חדרים שמורה בניצול מקסימלי, שופצה לאחרונה כולל החלפת כלל הצנרת ל-sp, מקלחות ושירותים חדשים (נסתרים ותלויים) . כל דלתות הפנים חדשות, ממוזגת (3 מזגני תדיראן חדשים), סורגי טרילידור בכל החלונות, מרפסת פתוחה לכיוון צפון-מערב (אופק פתוח לראשל""צ/באר-יעקב). מערכת מים סולארית (דוד חשמלי וקולטי שמש) במרפסת שירות שביציאה מהמטבח. 4 מחסנים משותפים גדולים. הלובי (תאורה, אינטרקום, ת.ד) שופץ, הבנין מתוחזק ע""י חברת ניהול מעולה. ממוקמת בסמיכות למרכז מסחרי (סופרמרקט, קופות חולים, בית מרקחת BE, גנים ציבוריים, מוסדות חינוך ועוד). יציאה מהירה לכביש 40 ו-431 (בנין אחרון בעוקף פארק המדע)",
גבעת שמואל,דירה,6 חד׳,"175 מ""ר",השקד ,8,רמת אילן ,"4,500,000",0,קומה 10 מתוך 18,TRUE,TRUE,FALSE,FALSE,חדש,FALSE,TRUE,TRUE,FALSE,לא צויין,לא צויין,,"למכירה, דירה, קומה 10, בגבעת שמואל. פונה לכיוון דרום ומזרח. דירה מושקעת",
גבעת שמואל,דירה,4 חד׳,"122 מ""ר",יצחק שמיר ,12,רמת הדר החדשה ,"3,280,000",7,קומה 1 מתוך 20,TRUE,TRUE,TRUE,TRUE,חדש,FALSE,TRUE,FALSE,FALSE,מיידי,ללא,,"דירת 4 חדרים חדשה ומרווחת בפרויקט היוקרתי של גינדי וזיתוני, אקו גבעת שמואל. לא מתיווך.
*יחידת הורים ענקית.
*מרפסת גדולה (14 מ""ר).
*שטח בנוי 108 מ""ר
*מזגן מיני מרכזי.
*2 חניות.
*בקרבת האוניברסיטה ומוסדות הלימוד בעיר.
*בצמוד לתחנת הרכבת הקלה שתפתח ב2026.
*מניבה מהיום הראשון",
גבעת שמואל,דירה,4 חד׳,"100 מ""ר",רזיאל דוד ,,רמת הדר ,"3,290,000",4,קומה 5 מתוך 9,TRUE,TRUE,TRUE,TRUE,משופץ,TRUE,TRUE,TRUE,FALSE,לא צויין,לא צויין,,"חדש למכירה בגבעת שמואל בשכונת הדרברחוב דוד רזיאל המבוקש אני רוצה להציג בפינכם דירה יפה ומרווחת הכוללת4 חדרים 100 מ״ר2 מעליות(אחת מעלית שבת),קומה 5 ,עורפית,יחידת הורים,מחסן צמוד לדירה!!,מרפסת שמש סוכה,ממ״ד,חניה מקורה כווני אויר צפון,מערבכל מה שנשאר לכם זה לבוא ולהתאהב צוות יובל ושגיא יועצי הנדלן שלך",
גבעת שמואל,דירת גן,6.5 חד׳,"175 מ""ר",ביאליק ,,השכונה הותיקה ,"4,950,000",0,קומת קרקע,FALSE,TRUE,TRUE,FALSE,שמור,FALSE,TRUE,TRUE,FALSE,גמיש,לא צויין,," נדיר 
בית 175 מטר במפלס אחד 4 כיווני אוויר. מגרש ענק 500 מטר. חצר היקפית עצומה. 
ניתן חוקית לפצל ל 2 יח""ד !
תמונות וסיור וירטואלי יישלחו למי שמעוניין.
מפתחות במשרד.",
גבעת שמואל,דירה,4 חד׳,"100 מ""ר",אילן ,20,רמת אילן ,"2,900,000",0,קומה 6 מתוך 8,TRUE,TRUE,FALSE,FALSE,משופץ,FALSE,FALSE,FALSE,FALSE,לא צויין,לא צויין,,דירת 4 חדרים מסודרת שקטה ונעימה נוף פתוח למזרח,
גבעת שמואל,דירה,4 חד׳,"106 מ""ר",אורי צבי גרינברג ,2,רמת הדר ,"3,200,000",4,קומה 1 מתוך 9,TRUE,FALSE,FALSE,FALSE,ישן,FALSE,TRUE,TRUE,FALSE,גמיש,לא צויין,,"למכירה מפרטי בלבד! ללא תיווך! דירה פשוט מציאה! ברחוב אורי צבי גרינברג, גבעת שמואל, בשכונת רמת הדר המבוקשת, ממש מול אוניברסיטת בר אילן. 4.5 חדרים גדולה 106.5 מטר הדירה, מרווחת מאוד. קומה 1 מתוך 9 קומות מעלית חניה צמודה בטאבו מרפסת שמש ממד מרפסת שירות 2 שירותים כיוונים צפון ומזרח בניין מטופח ושמור פינוי מיידי מחיר 3,200,000 גמיש לרציניים בלבד",
גבעת שמואל,קוטג' טורי,4.5 חד׳,"99 מ""ר",לוחמי הגטאות ,,גיורא ,"3,100,000",7,קומת קרקע,FALSE,FALSE,FALSE,FALSE,שמור,FALSE,FALSE,FALSE,FALSE,לא צויין,לא צויין,,"למכירה צמוד קרקע, בנוי למטה 52 מר סלון מ",
גבעת שמואל,פנטהאוז,6 חד׳,"182 מ""ר",סירני ,,השכונה הותיקה ,"4,800,000",4,קומה 2 מתוך 2,TRUE,TRUE,TRUE,TRUE,חדש,FALSE,TRUE,FALSE,FALSE,גמיש,לא צויין,,"פנטהאוז  נדיר עם 4 כיווני אויר  קומה 2 ואחרונה . 6 חדרים על מפלס 1  .מרפס שמש 40מ""ר , בחלקו פרגולה. ממ""ד. דירה בקומה. מעלית  כמעט פרטית. בשימוש 2 דיירים בלבד. רחוב ללא מוצא. נגישות מהירה לכל חלקי העיר.  גג מוצמד לנכס. פוטנציאל עתידי  לשינויי תב""ע  ",
גבעת שמואל,דירה,6 חד׳,"160 מ""ר",יצחק שמיר ,9,רמת הדר החדשה ,"4,150,000",0,קומת קרקע,TRUE,TRUE,FALSE,FALSE,חדש,FALSE,TRUE,TRUE,FALSE,לא צויין,לא צויין,,"ללא תיווך!!! דירה מעוצבת , עורפית , מזגן vrf סמסונג, תריסים חשמליים בכל הדירה, פרקט חדר הורים, חימום מים בגז לבוא עם מזוודות פינוי גמיש",
גבעת שמואל,פנטהאוז,6 חד׳,"225 מ""ר",בר אילן ,,השכונה הותיקה ,"4,500,000",2,קומה 1 מתוך 2,TRUE,TRUE,TRUE,TRUE,שמור,TRUE,TRUE,TRUE,FALSE,גמיש,לא צויין,,"נכס מספר: 5700, בגבעת שמואל בתחילת בניה, בבלעדיות דו משפחתי 2 קומות . יחידה מס 1:פנטאוז 6 חדרים 175 מר בנוי, ו50 מר מרפסת.כניסה פרטית. מעלית פרטית וחניה. יחידה מס 2: דירת גן 6 חדרים, 190מ""ר בנוי   חצר 180מ""ררמת גימור גבוהה! תכנית אדירכלית מדהימה. רחוב ללא מוצא.  פרטים ותוכניות ינתנו בטלפון .  ",
גבעת שמואל,דירה,5 חד׳,"113 מ""ר",מוטה גור ,12,רמת הדר ,"100,000",5,קומה 3 מתוך 16,TRUE,TRUE,TRUE,TRUE,שמור,FALSE,TRUE,FALSE,FALSE,גמיש,לא צויין,,נכס מקסים במיקום מעולה במרכז שכונת רמת הדר. בסמוך לפארק רמון ולקניון . דירת 5 חדרים (חדר חמישי בהרחבה .נדרש ריצוף) .דירה עורפית. בניין מטופח. מעלית שבת. פינוי גמיש,
גבעת שמואל,דירה,5.5 חד׳,"140 מ""ר",בגין מנחם ,1,רמת הדר ,"3,800,000",4,קומה 6 מתוך 13,TRUE,TRUE,TRUE,TRUE,שמור,FALSE,TRUE,FALSE,FALSE,גמיש,לא צויין,,"חדשה בשוק בשיווק בלעדי של המשרד. 5.5 חדרים מרווחת, אחרי תוספת בניה. דרושה שיפוץ קל, לנוף פתוח, מרפסת גדולה, כ- 140 מ""ר אחרי ההרחבה. במיקום הטוב ביותר! עוד נכס בשיווק המשרד.דרושות לנו דירות למכירה לקונים רציניים אחרי מכירת דירה, לפגישת יעוץ / הערכת נכס [ללא תשלום] התקשרו למשרד.",
ירושלים,דירת גן,4 חד׳,"90 מ""ר",['מרידור אליהו '],4, פסגת זאב,2800000,7, קומה 1 מתוך 1,כן,כן,לא,כן,משופץ,כן,לא,לא,לא,,חלקי,," הדירה משופצת ומושקעת , נמצאת בקרבת תחבורה ציבורית לכל חלקי העיר , בתי ספר , סופרים בתי קפה וכל השירותים הנדרשים .נדרש זמן פינוי ארוך - אך גמיש בהתאם לתנאי העסקה.",
ירושלים,דירה,4 חד׳,"80 מ""ר",['ורבורג '],5, קרית היובל,2650000,2, קומה 1 מתוך 1,לא,לא,כן,לא,דורש שיפוץ,לא,לא,כן,כן,,לא,," הדירה משופצת ומושקעת , נמצאת בקרבת תחבורה ציבורית לכל חלקי העיר , בתי ספר , סופרים בתי קפה וכל השירותים הנדרשים .נדרש זמן פינוי ארוך - אך גמיש בהתאם לתנאי העסקה.",
ירושלים,דירה,5 חד׳,"132 מ""ר",['דרך כרמית '],, עין כרם,"₪3,950,000TOP10 במדד המתווכים",7, קומה 1 מתוך 1,כן,כן,לא,לא,דורש שיפוץ,כן,כן,כן,לא,,לא,," הדירה משופצת ומושקעת , נמצאת בקרבת תחבורה ציבורית לכל חלקי העיר , בתי ספר , סופרים בתי קפה וכל השירותים הנדרשים .נדרש זמן פינוי ארוך - אך גמיש בהתאם לתנאי העסקה.",
ירושלים,דירת גן,4 חד׳,"130 מ""ר",['חננאל '],, קטמון א-ו,"₪5,990,000מתיווך",9, קומה 1 מתוך 2,כן,כן,לא,כן,דורש שיפוץ,כן,לא,לא,כן,,חלקי,," הדירה משופצת ומושקעת , נמצאת בקרבת תחבורה ציבורית לכל חלקי העיר , בתי ספר , סופרים בתי קפה וכל השירותים הנדרשים .נדרש זמן פינוי ארוך - אך גמיש בהתאם לתנאי העסקה.",
ירושלים,דירה,3.5 חד׳,"73 מ""ר",['שושנה '],7, קרית משה,2650000,3,קומת 1 מתוך 4,כן,כן,לא,כן,משופץ,כן,כן,לא,כן,,לא,," הדירה משופצת ומושקעת , נמצאת בקרבת תחבורה ציבורית לכל חלקי העיר , בתי ספר , סופרים בתי קפה וכל השירותים הנדרשים .נדרש זמן פינוי ארוך - אך גמיש בהתאם לתנאי העסקה.",
ירושלים,דירה,3 חד׳,"65 מ""ר",['רובוביץ אלכסנדר '],7, ארמון הנציב,2050000,1,קומת 1 מתוך 6,לא,כן,כן,לא,שמור,לא,לא,לא,לא,,כן,," הדירה משופצת ומושקעת , נמצאת בקרבת תחבורה ציבורית לכל חלקי העיר , בתי ספר , סופרים בתי קפה וכל השירותים הנדרשים .נדרש זמן פינוי ארוך - אך גמיש בהתאם לתנאי העסקה.",
ירושלים,דירת גן,4 חד׳,"90 מ""ר",['יפה שמואל '],4, פסגת זאב,"₪2,350,000מתיווך",2, קומה 1 מתוך 7,לא,כן,לא,לא,שמור,כן,לא,כן,כן,,חלקי,," הדירה משופצת ומושקעת , נמצאת בקרבת תחבורה ציבורית לכל חלקי העיר , בתי ספר , סופרים בתי קפה וכל השירותים הנדרשים .נדרש זמן פינוי ארוך - אך גמיש בהתאם לתנאי העסקה.",
ירושלים,דירת גן,4 חד׳,"120 מ""ר",['יפה שמואל '],, פסגת זאב,"₪2,600,000מתיווך",2, קומה 1 מתוך 3,לא,כן,כן,כן,שמור,לא,כן,כן,לא,,לא,," הדירה משופצת ומושקעת , נמצאת בקרבת תחבורה ציבורית לכל חלקי העיר , בתי ספר , סופרים בתי קפה וכל השירותים הנדרשים .נדרש זמן פינוי ארוך - אך גמיש בהתאם לתנאי העסקה.",
ירושלים,דירה,4 חד׳,"112 מ""ר",['הרב ישעיהו דולגין '],1, הר חומה,2533000,10, קומה 3 מתוך 4,כן,לא,כן,לא,שמור,לא,כן,לא,לא,,לא,," הדירה משופצת ומושקעת , נמצאת בקרבת תחבורה ציבורית לכל חלקי העיר , בתי ספר , סופרים בתי קפה וכל השירותים הנדרשים .נדרש זמן פינוי ארוך - אך גמיש בהתאם לתנאי העסקה.",
ירושלים,דירה,3 חד׳,"60 מ""ר",['עזה '],5, רחביה,4100000,3, קומה 8 מתוך 8,לא,לא,לא,כן,משופץ,כן,לא,כן,לא,,לא,," הדירה משופצת ומושקעת , נמצאת בקרבת תחבורה ציבורית לכל חלקי העיר , בתי ספר , סופרים בתי קפה וכל השירותים הנדרשים .נדרש זמן פינוי ארוך - אך גמיש בהתאם לתנאי העסקה.",
ירושלים,דירה,3 חד׳,,['פסגת '],,פסגת זאב,"₪1,770,000מתיווך",2, קומה 1 מתוך 7,כן,כן,כן,כן,שמור,לא,כן,כן,כן,,כן,," הדירה משופצת ומושקעת , נמצאת בקרבת תחבורה ציבורית לכל חלקי העיר , בתי ספר , סופרים בתי קפה וכל השירותים הנדרשים .נדרש זמן פינוי ארוך - אך גמיש בהתאם לתנאי העסקה.",
ירושלים,דירה,3 חד׳,"65 מ""ר",['פסגת '],,פסגת זאב,"₪1,770,000מתיווך",2, קומה 2 מתוך 3,כן,כן,כן,כן,משופץ,כן,כן,כן,כן,,כן,," הדירה משופצת ומושקעת , נמצאת בקרבת תחבורה ציבורית לכל חלקי העיר , בתי ספר , סופרים בתי קפה וכל השירותים הנדרשים .נדרש זמן פינוי ארוך - אך גמיש בהתאם לתנאי העסקה.",
ירושלים,דירה,3 חד׳,"75 מ""ר",['אבן גבירול '],1, רחביה,3900000,3, קומה 3 מתוך 3,כן,לא,כן,לא,שמור,לא,כן,כן,כן,,כן,," הדירה משופצת ומושקעת , נמצאת בקרבת תחבורה ציבורית לכל חלקי העיר , בתי ספר , סופרים בתי קפה וכל השירותים הנדרשים .נדרש זמן פינוי ארוך - אך גמיש בהתאם לתנאי העסקה.",
ירושלים,דירה,4 חד׳,"95 מ""ר","['אצ""ל ']",1, הגבעה הצרפתית,11111111,3, קומה 1 מתוך 1,כן,לא,כן,כן,משופץ,כן,כן,כן,כן,,כן,," הדירה משופצת ומושקעת , נמצאת בקרבת תחבורה ציבורית לכל חלקי העיר , בתי ספר , סופרים בתי קפה וכל השירותים הנדרשים .נדרש זמן פינוי ארוך - אך גמיש בהתאם לתנאי העסקה.",
נתניה,דירה,5 חד׳,"140 מ""ר",עמית מאיר,8, רמת חן ,"₪2,890,000",8,קומה 7 מתוך 12,TRUE,TRUE,FALSE,TRUE,מצב הנכס:משופץ,TRUE,TRUE,TRUE,FALSE,תאריך כניסה:מיידי,ריהוט:לא צויין,,למכירה : דירה 5 חדרים - בניין חדש כיוונים דרום מזרח מחסן צמוד לדירה עם חלון 3x3 קומה 7 חניה ומרפסת מטבח משודרג 125 מטר + מרפסת 15 מ״ר נוף יפה ופתוח 2 חניות צמודות בודדות כתובת: עמית מאיר 6 נתניה ללא תווך,
נתניה,דירה,4 חד׳,"108 מ""ר",אשר,12, קרית השרון ,"₪2,770,000",7,קומה 1 מתוך 7,TRUE,TRUE,TRUE,FALSE,מצב הנכס:שמור,TRUE,TRUE,TRUE,FALSE,תאריך כניסה:גמיש,ריהוט:חלקי,,"דירה עורפית פונה לגן שעשועים
דלתות חדשות בכל הדירה
רשתות וסורגים בכל החלונות
2 חניות רישום בטאבו
ללא תיווך",
נתניה,פנטהאוז,6 חד׳,"220 מ""ר",מרשל פייר קניג,, נוף הטיילת ,"₪10,200,000מתיווך",24,קומה 19 מתוך 19,TRUE,TRUE,FALSE,TRUE,מצב הנכס:חדש מקבלן,FALSE,TRUE,TRUE,TRUE,תאריך כניסה:מיידי,ריהוט:לא צויין,,"פנטהאוז יחיד בקומה, בנוי על שתי קומות + גג עם בריכת שחייה פרטית
נכס נמצא במצב גמר חלקי
כרגע בנוי כ-220 מ""ר. ניתן להגיע לשטח בנוי כ-350 מ""ר
מרפסת בקומה תחתונה 66 מ""ר + גג 200 מ""ר עם בריכת שחייה
אופציה לתקנת מעלית פרטית בין הקומות
בבניין שתי מעליות (שבת), בריכת שחייה, חדר כושר, סאונה ומועדון דיירים",
נתניה,מיני פנטהאוז,5 חד׳,"125 מ""ר",יוסף,12, קרית השרון ,"₪3,290,000בבלעדיות",10,קומה 5 מתוך 6,TRUE,TRUE,TRUE,FALSE,מצב הנכס:שמור,TRUE,TRUE,TRUE,TRUE,תאריך כניסה:08/2023,ריהוט:לא צויין,,"מיני פנטהאוז מהמם בן 5 חדרים ברחוב יוסף בשכונת קריית השרון המבוקשתדירה מרווחת זו ממוקמת בקומה ה-5 מתוך 6 בבניין בוטיק, וכוללת יחידת מתבגר בכניסה,מרפסת גדולה ושטופת שמש הפונה לדרום מערב. המטבח הגדול והמאובזר מושלם לבישול ארוחות למשפחה, בעוד שיחידת ההורים המשודרגת מתהדרת בחדר ארונות יוקרתי וחדר רחצה גדול ומפנק. בניין מטופח זה הינו חלק מפרויקט ""דנקנר בשרון"" ונמצא במרחק הליכה קצר מכל מרכז העניינים",
נתניה,דופלקס,5 חד׳,"126 מ""ר",ראשון לציון,24, רצועת המלונות ,"₪2,940,000",7,קומה 7 מתוך 7,TRUE,TRUE,FALSE,FALSE,מצב הנכס:שמור,TRUE,TRUE,FALSE,FALSE,תאריך כניסה:מיידי,ריהוט:ללא,,"מפרטי - דירה חלומית עם נוף לים, דופלקס גג ברחוב שקט ומבוקש, 5 דקות הליכה לים, לטיילת ולכיכר העצמאות. בקומה הראשונה סלון מרווח, מטבח, פינת אוכל ושלושה חדרי שינה, שני חדרי אמבטיה (אחד צמוד לחדר).  בקומה השניה חדרון עם יציאה לגג, וסוויטת הורים עם שירותים ומקלחת. מרפסת הגג כ 70 מ""ר עם זכויות בניה, נכס נדיר ומיוחד!",
נתניה,דירה,4 חד׳,"108 מ""ר",אשר,12, קרית השרון ,"₪2,770,000",7,קומה 1 מתוך 7,TRUE,FALSE,TRUE,FALSE,מצב הנכס:שמור,TRUE,FALSE,TRUE,FALSE,תאריך כניסה:מיידי,ריהוט:לא צויין,,"דירה שמורה מיקום שקט הדירה עורפית צופה לגן שעשועים יחדת הורים גדולה, רשתות וסורגים בכל החלונות, לפני כמה חודשים הוחלפו כל הדלתות,יש אי במטבח ארונות בחדר שירות",
נתניה,דירה,4 חד׳,"128 מ""ר",ברמן בני,, עיר ימים ,"₪4,080,000בבלעדיות",5,קומה 13 מתוך 30,TRUE,TRUE,FALSE,TRUE,מצב הנכס:חדש,TRUE,TRUE,TRUE,TRUE,תאריך כניסה:גמיש,ריהוט:לא צויין,,"למכירה בעיר ימים, בפרוייקט סקיי היוקרתי של אפריקה ישראל, דירת 4 חד' כ 130 מ""ר בקומה גבוהה. דירה מוארת מאוד ושמורה. סלון רחב עם יציאה למרפסת שמש נעימה של כ15 מ""ר הצופה למתחם הפיאנו התוסס. מטבח גדול ונוח לעבודה ולאחסון. חדרי שינה מפנקים, מוארים מאוד. בנוסף 2 חניות בטאבו ומחסן פרטי. הדירה ממוקמת באזור מעולה ליד מתחמי בילוי וקניות, מרכזים רפואיים ומוסדות חינוך. בפרוייקט תוכלו להינות משומר, סאונה וג'קוזי, גמבורי לילדים, חדר דיירים, חדר כושר ולובי מפוארליותר פרטים ותיאום סיור תתקשרו עוד היום ",
נתניה,דירה,4 חד׳,"114 מ""ר",רמב ן,, בן ציון ,"₪2,500,000מתיווך",5,קומה 1 מתוך 7,TRUE,TRUE,FALSE,FALSE,מצב הנכס:חדש מקבלן,TRUE,TRUE,TRUE,TRUE,תאריך כניסה:01/2026,ריהוט:לא צויין,,"פרויקט חדש יוצא לשיווק מבית NadlanisTeam
אנו גאים להציג בפניכם את פרויקט ""כרמים"", פרויקט מגורים ייחודי ויוקרתי הנמצא בשכונת רמת אפרים המבוקשת.
אנו נמצאים בשלבים של לפני תחילת בנייה ועלייה על הקרקע (קיים היתר בנייה). הבניין יכיל 28 דירות בתכנון קפדני וחדשני.
היצע הדירות כולל: דירות 4 ו-5 חד' 
דירות-גן ופנטהאוזים.
עכשיו במחירי Presale- החל מ-2,500,000
אכלוס בספטמבר 2025
ללא עמלת תיווך מהקונה!",
נתניה,דירה,3 חד׳,"74 מ""ר",הרב רפאל,7, קרית נורדאו ,"₪1,620,000",4,קומה 3 מתוך 3,FALSE,TRUE,TRUE,FALSE,מצב הנכס:משופץ,TRUE,FALSE,FALSE,FALSE,תאריך כניסה:גמיש,ריהוט:חלקי,,"ללא תיווך! רישום בטאבו.
קיים פוטנציאל גדול לפינוי בינוי בשנים הקרובות.
הדירה מוארת, משופצת ומסודרת המתאימה למגורים ולהשקעה. מתאימה מאוד לזוגות ולמשפחות צעירות. 

איזור חם ומבוקש בנתניה בסביבת שכונת אגמים, ועם זאת סביבה שקטה ורגועה.
בנוסף, קרוב ליציאה לכביש 2 ולתחנת אוטובוס שבה עוברים כל הקווים הראשיים של נתניה.

הדירה ממוזגת עם אופציה להשארת פרטי ריהוט מסויימים כגון ארונות בחדרי השינה.
חניה משותפת לדיירי הבניין צמוד לבניין- הרבה מקום לדיירים וגם בשביל אורחים. 
גמישות מבחינת הכניסה לדירה.",
נתניה,דירה,5 חד׳,"167 מ""ר",אורגד,4, נאות הרצל ,"₪3,150,000",14,קומה 14 מתוך 15,TRUE,TRUE,FALSE,TRUE,מצב הנכס:חדש,TRUE,TRUE,TRUE,FALSE,תאריך כניסה:גמיש,ריהוט:חלקי,,"מוכרים את הדירה שלנו, ללא תיווך! דירה גדולה, מוארת, משודרגת ומרווחת בבנין חדש בן 4 שנים, נרכשה ישירות מהקבלן. 5 חדרים בקומה גבוהה (14 מתוך 15) נוף פתוח ירוק ממזרח וים ממערב) עם מחסן ו 2 חניות. מטבח גדול נוח ומעוצב מבית סמגל. מרפסת שמש גדולה ומקורה משודרגת עם וילון זכוכית. 3 כיווני אוויר, ארונות מותאמים אישית בכל החדרים, מזנון מעוצב בנוי. 146 מ""ר דירה + 16 מ""ר מרפסת + 5 מ""ר מחסן. הדירה מטופחת ונקיה מעוצבת בעיצוב מודרני ונקי. בבניין 3 מעליות, מועדון דיירים, חדר כושר ולובי מפואר. גני שעשועים באיזור, יציאה מהירה ונוחה לכביש. אפשר גם בשבת.",
נתניה,דירה,3 חד׳,"75 מ""ר",מול עמנואל,, רצועת המלונות ,"₪2,220,000מתיווך",6,קומה 2 מתוך 6,TRUE,TRUE,FALSE,FALSE,מצב הנכס:שמור,TRUE,TRUE,FALSE,TRUE,תאריך כניסה:מיידי,ריהוט:לא צויין,,"דירת 3 חדרים עם מרפסת ברחוב עמנואל מול השקט והמבוקש. 
מרחק פסיעה מהטיילת בניצה ומחוף הים. 
קרוב למרכזי קניות, בתי קפה ומסעדות. 
מיקום מעולה ! 
75 מ""ר דירה + 10 מ""ר מרפסת. 
חניה בטאבו. ",
נתניה,דירה,4 חד׳,"110 מ""ר",הרב הרטום שמואל,, משכנות זבולון ,"₪2,590,000בבלעדיות",12,קומה 2 מתוך 3,TRUE,TRUE,FALSE,FALSE,מצב הנכס:משופץ,TRUE,TRUE,TRUE,TRUE,תאריך כניסה:גמיש,ריהוט:לא צויין,,4 חדרים במיקום מעולה עם מרפסת שמש סוכה ענקית משופצת במיקום מעולה מזגנים נפרדים,
נתניה,דירה,4 חד׳,"125 מ""ר",הרצוג,16, מרכז העיר צפון ,"₪2,400,000",2,קומה 3 מתוך 4,TRUE,TRUE,TRUE,FALSE,מצב הנכס:משופץ,TRUE,TRUE,FALSE,FALSE,תאריך כניסה:גמיש,ריהוט:לא צויין,,"4 חדרים 97 מטר+ מרפסת סוכה -25 מטר . שטופת שמש  פתוחה לשמיים. 
 אזור שקט מאוד, גן עדן .
קרוב לים ( 5 דקות)  ולקרייה .
בתאום מראש בלבד
ללא תיווך  לא בשבת .",
פתח-תקווה,דירה,3,68,קארו יוסף,40,קריית חזני,2700000,2,קומה 2 מתוך 5,TRUE,TRUE,TRUE,FALSE,שמור,TRUE,TRUE,yes,FALSE,flexible,partially,,"*למכירה ברחוב יוסף קארו* דירת 3 חדרים הכי מהממת ושמורה שיש בהתחייבות☝🏻 🖊️ לא למתווכים ! 🖊️ ממ""ד 🖊️ מעלית 🖊️ מרפסת עם דשא סינטטי 🖊️ סורגים ורשתות בכל הבית 🖊️ שתי חניות בטאבו",
פתח-תקווה,דירה,6,130,גרוטו אלכסנדר,6,נווה גן,3880000,5,קומה 5,TRUE,TRUE,TRUE,TRUE,שמור,TRUE,TRUE,TRUE,TRUE,flexible,Not mentioned,,,
פתח-תקווה,דירה,4,112,הרצל,49,המרכז השקט,2480000,NaN,NaN,NaN,NaN,NaN,NaN,חדש,NaN,NaN,NaN,NaN,NaN,NaN,NaN,NaN,
פתח-תקווה,דירה,5,118,NaN,FALSE,NaN,3100000,1,קומה 5 מתוך 26,TRUE,TRUE,FALSE,FALSE,חדש,TRUE,TRUE,TRUE,TRUE,,,,"בשכונת נווה גן המבוקשת! במיקום מעולה ומרכזי בקרבה למרכזים מסחריים, מוסדות חינוך ותחבורה ציבורית. בבניין חדש ומפואר, דירת 5 חד' מרווחת מרפסת שמש מפנקת חניה רגילה, מעלית וממ""ד מרווח. תכנון אדריכלי מעולה.",
פתח-תקווה,דירה,6,152,מסקין,46,כפר גנים ג,4280000,6,קומה 2 מתוך 8,TRUE,TRUE,FALSE,FALSE,חדש,TRUE,TRUE,TRUE,TRUE,flexible,Not mentioned,,"מפרטי למכירה!!! ללא תיווך!!! דירת 6 חדרים עורפית (דרום- מערב) לשדרה הירוקה ברח' מסקין 46 בכפר גנים, קומה 2 בבניין בן 4.5 שנים מפואר ומתוחזק: דירה גדולה 138 מ""ר, מרווחת ומוארת הכוללת יחידת הורים ויחידת מתבגר, מרפסת 14 מ""ר, מטבח כשר של סמל, 3 חדרי שירותים, ארונות אמבטיה ומקלחונים משודרגים, חלונות חשמל ורשתות, מיזוג VRF אלקטרה, דוד שמש וחשמל ומערכת חימום מים על גז, ריצוף גדול ומשודרג, 2 חניות עוקבות",
פתח-תקווה,דירה,4,94,מנחת שלמה,9,גני הדר,2580000,,קומה 2 מתוך 4,TRUE,FALSE,TRUE,FALSE,משופץ,TRUE,TRUE,TRUE,TRUE,flexible,partially,,"דירה יפיפיה ומשופצת, אינסטלציה חדשה, מטבח ענק עם המון מקומות אחסון. מרפסת סוכה גדולה עם מחסן פרקטי. הדירה מחולקת בצורה מאד נכונה (בשונה מדירות אחרות באזור) שכנים מאד נחמדים. הדירה שופצה לפני שנה. דירה עורפית, תוכלו לראות את הילדים משחקים בגינה ולשמור עליהם מהבית (: מיקום מעולה במרכז השכונה, קרובה למוסדות חינוך, מרכזי קניות ובתי כנסת. ללא תיווך - מתווכים נא לא לפנות!",
פתח-תקווה,דירה,4,90,בן צבי יצחק,NaN,כפר גנים ב,2090000,NaN,NaN,NaN,NaN,NaN,NaN,NaN,NaN,NaN,NaN,NaN,NaN,NaN,NaN,NaN,
פתח-תקווה,דירה,4,NaN,סלומון,NaN,המרכז השקט,2430000,3,קומה 1 מתוך 10,TRUE,TRUE,FALSE,TRUE,חדש,FALSE,TRUE,TRUE,TRUE,,,,"מבצעים מיוחדים לשנה החדשה ולדרך חדשה! אתם מוכנים לזה?!? * פטור מלא מהצמדה למדד * פטור משכ""ט עו""ד * פטור מתשריטים וחיבורי מים וחשמל * תנאי תשלום אטרקטיביים !! קופמן יזמות ובנייה גאים להציג את פרויקט העתיד עם דירות בגודל חלומי! דירת ענק בת 4 חד בשטח כ 102 מ""ר עם מחסן צמוד בקומה ומרפסת שמש בבניין 2 מעליות ולובי מפואר . מהרו להצטרף להצלחה בניין חדש בסטנדרט גבוה בניה ירוקה .",
פתח-תקווה,דירה,5,140,אחד העם,21,המרכז השקט,2590000,2,קומה 4 מתוך 6,TRUE,TRUE,TRUE,FALSE,שמור,TRUE,FALSE,FALSE,TRUE,immediate,partially,,"יחידה בקומה נוף פתוח לשפירא הירוק מבט עד אלעד וראש העין. פינתית 3 חזיתות 4 כיווני אויר סלון גדול ורחב + פינת אוכל כחדר + מטבח כחדר 136 מ בארנונה מרווחת מאד אפשר להפוך ל6 חד ויותר חימום מים גם בגז אין מדרגות מהרחוב. מזגנים בסלןן בחדרים ובמטבח יפה שקטה ומיוחדת מרחק הליכה מכל המסחר והשרותים של מרכז העיר קרובה מאד לבתי ספר ת""ת בתי כנסת. בקיצור אין דברים כאלו",
פתח-תקווה,דירת גן,5,120,עין גנים,1,עין גנים,4900000,11,קומת קרקע,TRUE,FALSE,FALSE,TRUE,משופץ,TRUE,FALSE,TRUE,TRUE,immediate,FALSE,,"למכירה, דירת גן, 122 בנוי פלוס 122 חצר. תקרה גבוהה 4 מטר,מזגן תדיראן בכל חדר,מיני מרכזי סלון מטבח. מטבח ענק עם אי ענק הכולל אינדוקציה (יש גם נקודת גז). חצר 120 מטר 30 מטר מרוצף עם פרגולה. 2 נקודות גז בחצר,2 נקודות מים חמים וקרים. פרקטים בכל החדרים,ריצוף 80/80,יחידת מתבגר עם שירותים ומקלחת. ארון ענק של 3.3/3.3 בחדר הורים פלוס ארון נוסף",
הרצליה,דופלקס,3,80,השרון ,4,מרכז ,2790000,7,קומה 1 מתוך 4,יש מעלית,יש חנייה,אין סורגים,אין מחסן,משופץ,יש מיזוג אויר,אין מרפסת,אין ממ״ד,לא נגיש לנכים,גמיש,חלקי,None,"הזדמנות מצוינת! במרכז העיר, דירת דופלקס עורפית ושקטה, משופצת - כולל שיפוץ חיצוני של הבניין.
מצוינת להשקעה בשל התשואה הגבוהה שלה.
רק פרטי. לא למתווכים.",
הרצליה,דירה,5,122,קהילת ציון ,12,מרכז ,3980000,6,קומה 1 מתוך 5,יש מעלית,יש חנייה,אין סורגים,יש מחסן,חדש,יש מיזוג אויר,יש מרפסת,יש ממ״ד,לא נגיש לנכים,מיידי,לא צויין,None,"דירת 5 חדרים חדשה, מושקעת ומתוכננת היטב בעיצוב ייחודי ואדריכלי. כ-120 מ״ר + מרפסת 14 מ״ר, ממ״ד, מעלית, חניה מקורה ומחסן.מלאת אור ובעלת 3 כיווני אוויר. הדירה מושקעת ומשודרגת ברמה גבוהה מאוד עם מטבח אביבי מאובזר במכשירי חשמל חדשים לחלוטין (מקרר, מדיח אינטגרלי, כיריים גז, תנור וכיור כפול). מזגן VRF יוקרתי של TOSHIBA עם שליטה בכל חדר, מצלמות אבטחה בשטחים משותפים. שיוך לבית ספר שז״ר.
התמונה של החלל המרכזי היא המדמייה למתן השראה לעיצוב פנים פוטנציאלי. הדירה כרגע ריקה.",
הרצליה,דירה,4,100,העצמאות ,None,None,3290000,1,קומה 4 מתוך 8,יש מעלית,יש חנייה,יש סורגים,יש מחסן,חדש,יש מיזוג אויר,יש מרפסת,יש ממ״ד,נגיש לנכים,גמיש,לא צויין,None,"למכירה חדשה בשוק בבלעדיות משורר השקעות במרכז הרצליה ברחוב העצמאות המבוקש בפרויקט תמ״א 38/1.
4 חדרים מרווחת כ - 100 מ״ר + מרפסת כ - 14 מ״ר.
במיקום מעולה קרוב לבתי ספר וגנים, מרכזי קניות, מרכז העיר.

שיווק בלעדי משורר השקעות",
הרצליה,דירת גן,3,75,העוגן ,None,None,3400000,4,קומת קרקע,אין מעלית,יש חנייה,אין סורגים,יש מחסן,שמור,יש מיזוג אויר,יש מרפסת,יש ממ״ד,נגיש לנכים,גמיש,מלא,None,חדש בשוק  למכירה במרינה הרצליה פיתוח דירת גן 3 חד׳ 75 מ״ר. חניה מקורה. מחסן גדול.בבניין שומר 24/7 . ח כושר. בריכה.  עסקה מדהימה למהירי החלטה! תיאום גמיש . מחיר מבוקש 3.4 מל שח בלבד. לירן ברק תווך נכסי יוקרה XXX-XXXXXXX,
 שוהם,קוטג',6,"355 מ""ר",לכיש,59,גבעולים,"₪4,665,000",5,קומת קרקע,אין,יש,יש,יש,שמור,יש,יש,יש,לא,גמיש,מלא,,"ללא תיווך! מתווכים נא לא להתקשר.
לאוהבי השקט והשלווה, קוטג' תחתון של חברת פנטהאוז עם כניסה נפרדת והרגשה של דו משפחתי, 
גינה מושקעת,גדולה ויפה כ - 165 מטר. 
6.5 חדרים, 4 שירותים ו 3 מקלחות,
מטבח חלבי נפרד. 
מיזוג בכל הבית.
מיקום מצויין.  
פוטנציאל רב. 
פינוי גמיש.
אופציה להשארת רוב הריהוט והציוד החשמלי הקיים בעלות שתסוכם בנפרד",
 שוהם,דירה,4,"105 מ""ר",המכבים,86,יובלים,"₪2,900,000",6,קומה 1 מתוך 3,אין,אין,אין,אין,משופץ,יש,אין,יש,לא,מיידי,לא צויין,,"דירה עורפית ושקטה במקום מרכזי בישוב, מרווחת מאוד. פרקט בכל הדירה. משופצת כולל החלפת צנרת. בקרבה לגנים בתי ספר ומרכז מסחרי",
 שוהם,פנטהאוז,6,"172 מ""ר",האתרוג,,יובלים,"₪6,000,000",14,קומה 3 מתוך 3,יש,יש,אין,יש,חדש,יש,יש,יש,לא,גמיש,לא צויין,,"למכירה פנטאהוז בבניין בוטיק בשכונת הדרים החדשה בשוהם6 חדרים 172 מ""ר בנוי, מרפסת כ 80 מ",
שוהם,בית פרטי,8,"235 מ""ר",,,ברושים,"₪7,400,000",17,קומת קרקע,אין,יש,אין,יש,שמור,יש,יש,יש,נגיש,06/2024,לא צויין,,"בית חד משפחתי מרווח נעים נוח ביותר ב 2 קומות ,סלון  ,מטבח ,חדרים גדולים במיוחד.  +חצר גדולה ויפה . אפשרויות ליחידה מניבה ולהתאמות אחרות.  כניסה לבית  ללא מדרגות . מיקום מעולה שקט ומרכזי, 5 דקות מהמרכז של שוהם. חצר גדולה מאוד ויפה,  המון פוטנציאל ליעודים שונים. כגון אפשרות לבריכה גדולה ועדיין נשארת גינה שימושית..",
 שוהם,מיני פנטהאוז,5,"135 מ""ר",תירוש,25,כרמים,"₪4,200,000",7,קומה 3 מתוך 4,יש,יש,אין,אין,חדש,יש,יש,יש,נגיש,05/2024,לא צויין,,"מיני-פנטהאוס מקסים
בשכונת כרמים (135 מר') 
כיוונים צפון מזרח
מסטר חדר שינה (מקלחת שירותים + חדר ארונות)
מטבח משודרג 
מזגנים נפרדים 
חניה פרטית 
***ללא תיווך***",
 שוהם,קוטג',6,"172 מ""ר",שדרות עמק איילון,121,גבעולים,"₪5,300,000",12,קומת קרקע,אין,יש,יש,יש,שמור,יש,יש,יש,לא,גמיש,לא צויין,,"קוטג' פינתי 172 מ""ר ללא תיווך.

נמצא בלב שוהם ליד בית ספר יסודי וגן החבל (הגן המרכזי בעיר).
מרחק הליכה מכל המרכזים המסחריים בשוהם ומבתי הספר העליונים.
מקום שקט שנמצא בתוך מתחם פרטי לדיירים.


המבנה כולל:
חנייה פרטית ל-2 רכבים.
גינה בצורת ר'.
3 קומות - קומת קרקע, קומת מגורים ועליית גג עם 2 חללים עם גישה מסודרת.
שלושה כיווני אוויר.
חדרי שינה מרווחים. 
3 חדרי שירותים מתוכם 2 עם מקלחות.
חדר ארונות וחדר שירות מקורה.
3 מרפסות.
ממ""ד מרווח עם מזגן.
מיזוג מרכזי בקומת המגורים.",
 שוהם,בית פרטי,4,"174 מ""ר",קדם,,רקפות,"₪8,200,000",28,קומת קרקע,אין,יש,אין,אין,שמור,יש,אין,יש,לא,גמיש,לא צויין,,"הרבה זמן חיכיתם לנכס כזה!
חדש למכירה במיקום האולטימטיבי בשוהם
בשכונת רקפות בית בודד על מגרש של 504 מ״ר פונה לנוף
174 מ״ר בנוי במפלס אחד 
4.5 חדרים עם תקרות גבוהות
לפרטים נוספים ותיאום ביקור בנכס יש לפנות לשי סבר",
שוהם,מגרש,8,"270 מ""ר",,,כרמים,"₪3,900,000",0,קומת קרקע,אין,יש,אין,אין,חדש מקבלן,אין,אין,אין,לא,לא צויין,לא צויין,,"מגרש 250 מ""ר  כולל תוכניות לבניה מיידית
כדאי ביותר למי שרוצה לבנות את הבית לפי טעמו  וצרכיו.
כדאי ביותר...",
 שוהם,דירה,5,"121 מ""ר",המצפה,13,חמניות,"₪3,800,000",7,קומה 1 מתוך 4,יש,אין,יש,יש,משופץ,יש,אין,יש,נגיש,07/2023,לא צויין,,"דירה משופצת, במצב מצוין, סלון מרווח מאוד, מטבח חדשני, מרווח ונוח לעבודה, שתי מרפסות מקורות אל נוף ירוק, שתי מקלחות, 3 תאי שירותים, מחסן צמוד לדלת הבית. ממוקמת במיקום מנצח ומרכזי. קרוב למקומות המרכזיים ביישוב (בתי ספר, גינות ציבוריות, מרכזים מסחריים ומרכזי חוגים). בין החדרים יש מרחב שיכול להוות פינת עבודה או פינת משפחה. כניסה ב 1.8.23",
 שוהם,דירת גן,3,"84 מ""ר",המכבים,81,ורדים,"₪3,500,000",0,קומת קרקע,אין,אין,יש,אין,שמור,יש,אין,יש,לא,לא צויין,לא צויין,,"דירה בגודל 84 מ""ר נאה שמורה, מטבח שמור , ממוזגת, עם מחסן הכולל מטבח נוסף. חצר ענקית של 100 מ""ר. מרוצפת בחלקה עם פרגולה ענקית, ניתנת להגדלה בעוד 45 מ""ר כיווני אוויר מצוינים מאווררת ומוארת",
כפר סבא,דירה,4,122,ביאליק,22,מרכז העיר דרום,3100000,11,קומה 1 מתוך 4,יש מעלית,יש חנייה,יש סורגים,אין מחסן,שמור,יש מיזוג אויר,יש מרפסת,יש ממ״ד,לא נגיש לנכים,דצמ-23,חלקי,,"דירת 4 חדרים, 122 מ״ר לפי ארנונה, קומה ראשונה ברחוב ביאליק (בבניין 7 דירות), מרווחת ומתוכננת היטב. בדירה יחידת הורים, ממ״ד שהוא חדר, פינת אוכל, מרפסת שמש, מרפסת שירות וחניה מקורה בטאבו.

הדירה מושכרת עד ה-01/24.",
כפר סבא,דירה,3,85,"הגר""א",6,מרכז העיר דרום,2850000,6,קומה 2 מתוך 3,אין מעלית,יש חנייה,אין סורגים,אין מחסן,משופץ,יש מיזוג אויר,אין מרפסת,אין ממ״ד,לא נגיש לנכים,אוג-23,מלא,,"דירת 3 חדרים. מיקום מעולה, שקט ומרכזי, קרוב לתחנת רכבת, מוסדות חינוך ויציאה מהירה לכביש 531. הדירה שופצה מהיסוד (כולל חשמל וצנרת) לפני 6 שנים. בדירה מזגן מיני מרכזי, יחידת הורים. הבניין בהליכי תמ""א 38/2 (הריסה בניה) צפי להתחלת בנייה בעוד מס' חודשים בודדים. בסיום בניית הבניין החדש, הדירה תהיה 85 מ""ר + 18 מ""ר מרפסת שמש בקומה א' (3 כיווני אוויר) + חניה תת קרקעית בטאבו. 
הקונה פטור מתשלום על תשומות הבניה ובנוסף, ייהנה הקונה מקבלת דמי שכירות חודשיים בסך 6000 ש""ח (מהמיזם) וזאת לאורך כל תקופת הבניה ועד לקבלת המפתח.",
כפר סבא,דירה,3.5,,נחשון,,מרכז העיר דרום,2300000,2,קומה 1 מתוך 5,יש מעלית,אין חניה,אין סורגים,אין מחסן,שמור,יש מיזוג אויר,אין מרפסת,אין ממ״ד,נגיש לנכים,גמיש,לא צויין,,None,
כפר סבא,דופלקס,5.5,,ארלוזורוב,,מרכז העיר דרום,4100000,1,קומה 5 מתוך 6,יש מעלית,יש חנייה,אין סורגים,אין מחסן,ישן,יש מיזוג אויר,יש מרפסת,אין ממ״ד,לא נגיש לנכים,גמיש,לא צויין,,למכירה במרכז העיר קרוב להכל דופלקס מעולה שייך לבית ספר אושיסקין,
כפר סבא,דירה,4,125,ויצמן,78,מרכז העיר דרום,777777,5,קומה 3,יש מעלית,אין חניה,אין סורגים,אין מחסן,משופץ,יש מיזוג אויר,אין מרפסת,אין ממ״ד,נגיש לנכים,מיידי,לא צויין,,לפני פינוי בינוי עתידי .,
כפר סבא,דירה,5,132,נלקין,2,השכונה הירוקה,4200000,0,קומת קרקע,יש מעלית,אין חניה,יש סורגים,יש מחסן,חדש,יש מיזוג אויר,אין מרפסת,יש ממ״ד,נגיש לנכים,לא צויין,לא צויין,,"דירה 5 חדרים צופה על גינת נלקין המרכזית בשכונה (מעבר לגינה ללא חציית כבישים), שקטה. קרבה לגנים ובתי ספר, קניון וקופות חולים. יחידת מתבגר עם מקלחת ושירותים נפרדים, יכול לשמש גם כקליניקה. מטבח משודרג עם אי גדול. מזגנים בכל החדרים, רשתות",
כפר סבא,דירה,3,,מוצקין/דובדבן הכפר/כיסופים,,None,2400000,1,קומה 2 מתוך 4,יש מעלית,יש חנייה,אין סורגים,אין מחסן,חדש,יש מיזוג אויר,יש מרפסת,יש ממ״ד,לא נגיש לנכים,לא צויין,לא צויין,,"מציאה של ממש דירה עם חניה, ממד 
ברחוב מבוקש בכפר סבא.
קרובה לבתי ספר וגנים.
מחיר פצצה. ואפילו יש מרפסת שמש


מחיר שיווק 2,400,000 ₪",
כפר סבא,דירה,3.5,84,יבנה,,מוצקין/דובדבן הכפר/כיסופים,2490000,7,קומה 4 מתוך 6,יש מעלית,יש חנייה,אין סורגים,אין מחסן,חדש,יש מיזוג אויר,יש מרפסת,יש ממ״ד,נגיש לנכים,גמיש,לא צויין,,"דירה חדשה בבניין שעבר תמ""א 38",
כפר סבא,דירה,4,110,הרצל,26,מרכז העיר דרום,2890000,6,קומה 2 מתוך 5,יש מעלית,אין חניה,יש סורגים,אין מחסן,משופץ,יש מיזוג אויר,אין מרפסת,אין ממ״ד,לא נגיש לנכים,גמיש,לא צויין,,"ללא תיווך דירה מעוצבת ושמורה מאוד, מזגן בכל חדר ומיני מרכזי בחלל המרכזי. איזור שקט עם גינה גדולה מתחת לבניין. יחידת הורים. מטבח מושקע. פרקטים בחדרים",
כפר סבא,דירה,5,143,רוטשילד,16,מרכז העיר דרום,3450000,13,קומה 2 מתוך 4,יש מעלית,יש חנייה,אין סורגים,אין מחסן,משופץ,יש מיזוג אויר,אין מרפסת,אין ממ״ד,לא נגיש לנכים,אוק-23,מלא,,"https://dira.internetido.com/
למכירה (ללא תיווך)  דירת 5 חדרים ענקית ומשופצת, 143 מ״ר. הדירה שופצה בצורה יסודית לפני 16 שנה, בליווי ארכיטקטית  כולל צנרת מים, חשמל וחלונות זכוכית בידודית. עורפית ושקטה, פונה לריאה ירוקה, כיווני אוויר  מזרח ודרום. מיקום מעולה בחלק העליון והמוצל של רח? רוטשילד, קרוב מאד לגנים, לבית ספר אוסישקין וסופרמרקט. סוויטת הורים גדולה, מטבח מודרני ומרווח כולל משטח שיש גדול ואי מעץ. חלל מרכזי גדול 
כל הפרטים בלינק הבא:  https://dira.internetido.com/",
כפר סבא,דירת גן,4,106,השכונה הירוקה,,None,4400000,8,קומת קרקע,יש מעלית,יש חנייה,אין סורגים,יש מחסן,חדש,יש מיזוג אויר,יש מרפסת,יש ממ״ד,נגיש לנכים,גמיש,לא צויין,,"חדש בשוק ! למכירה בבלעדיות, דירת גן 4 חד הכי יפה בירוקה 80 !! 106 מטר נטו  + 115 מטר של גינה מדהימה!!כיוונים: מזרח ודרום.2 חניות מקורות ומחסן. מחיר שיווק 4,400,000 התמונות מדברות בעד עצמן, לראות ולהתאהב. לפרטים נוספים התקשרו",
כפר סבא,דירה,3,106,ברק,,אלי כהן,2890000,3,קומה 4 מתוך 5,יש מעלית,יש חנייה,אין סורגים,יש מחסן,שמור,יש מיזוג אויר,יש מרפסת,יש ממ״ד,נגיש לנכים,מיידי,לא צויין,,"דירת 3 חד במרכז המבוקש של העיר. בקרבת רכבת, פארק כפר סבא וקניון. דירה שקטה בבניין מקסים. מרפסת שמש שטופת אויר ושמש. חלל משפחתי גדול. חניה מקורה ומחסן פרטי.",
כפר סבא,דירה,4,143,מנור אהוד,8,הזמר העברי,3650000,0,קומה 2 מתוך 6,יש מעלית,אין חניה,אין סורגים,יש מחסן,שמור,יש מיזוג אויר,אין מרפסת,יש ממ״ד,לא נגיש לנכים,לא צויין,לא צויין,,"* מפרטי* דירת 4 חדרים במצב מצויין בשכונת הזמר העברי (כפ""ס הירוקה 60). קומה 2, פינתית ומוארת בבניין מטופח ושמור בעל 15 דירות בלבד. שלושה כיווני אויר, יחידת הורים עם מקלחת/שירותים וחדר ארונות, מרפסת, מחסן וחניה. איזור שקט וקרוב לגינות, גני ילדים ובתי ספר",
כפר סבא,דירה,5,130,סוקולוב,12,מרכז העיר דרום,3900000,0,קומה 5 מתוך 6,יש מעלית,אין חניה,אין סורגים,אין מחסן,חדש,יש מיזוג אויר,אין מרפסת,יש ממ״ד,נגיש לנכים,לא צויין,ארון טלויזיה זכוכית ענק חדר הורים.2 ארונות חדרי ילדיםכיריים 5 להבות מדיח אינטגרלי4 מזגנים עיליים בחדריםמזגן מרכזי בסלון+מטבח+פ.אוכלארון במסדרוןוילון ויטרנהפינת איפורארון נעליים גדול עם מראה,,"דירה חדשה מקבלן (בת 3), מושקעת ויפיפייה במיקום הכי טוב בכפר סבא - 350 מטר מקניון ערים ו450 מטר מרכבת סוקולוב. עם זאת הדירה עורפית ושקטה (פיסית ברחוב גולן ולא בסוקולוב). מטבח משודרג של סמגל. פתחי מזגן - קרניזים דקורטיביים. 2 מקלחת+שירותים + שירותים נוספים לאורחים. כל הפנים של הבנייה שודרג לרמות הכי גבוהות. גני ילדים מתחת לבית. דירה מושלמת - נמכרת לרגל רילוקיישן ארוך.קרא עוד",
רעננה,דירת גג,['6.5'],200,המעלות,18, מרכז דרום ,3900000,2,קומה 4 מתוך 4,יש מעלית,יש חנייה,יש סורגים,אין מחסן,שמור,יש מיזוג אויר,יש מרפסת,אין ממ״ד,לא נגיש לנכים,45444,חלקי,,"רחוב מקסים במרכז, שקט ללא מוצא, ירוק ופסטורלי, דירה מרווחת עם המון פוטנציאל, נוף פתוח, נגישות קלה למרכזי קניות וגם ליציאות קלות מהעיר.
פינוי הדירה יולי 2024",
רעננה,דירה,['3'],90,גאולה,9, קרית שרת ,3100000,0,קומה 1 מתוך 10,יש מעלית,אין חניה,אין סורגים,יש מחסן,משופץ,יש מיזוג אויר,אין מרפסת,יש ממ״ד,נגיש לנכים,לא צויין,לא צויין,,"בהזדמנות שלא תחזור!! דירה מהפרוייקט של ""קידר"" בגאולה 9 צו פינוי ב25/06(עוד חודש) 77 מ""ר+13 מ""ר מרפסת שמש מחסן+חניה דמי שכירות מהיזם על 3900 שח לאורך כל הפרוייקט מחוייב בחוזה 2 כיווני אויר מזרח ודרום לא להתקשר סתם רק מי שיודע לזהות הזדמנות של פעם ב",
רעננה,דירה,['4'],110,סמטת החומה,2003,2003,3550000,4,קומה 2 מתוך 6,יש מעלית,יש חנייה,אין סורגים,יש מחסן,שמור,יש מיזוג אויר,יש מרפסת,יש ממ״ד,נגיש לנכים,גמיש,לא צויין,,נכס חדש בשכונת 2003 המבוקשת  4 חי נדירה בבינין בוטיק ממד גדול מרפסת של 16 מרי הפונה לירוק ולדרום   2 מעליות חניה ומחסן פרטי  קרוב למוסדות חינוך ולמרכז קניות,
רעננה,דירה,['4.5'],127,לב הפארק,2003,,3450000,0,קומה 1 מתוך 4,יש מעלית,יש חנייה,אין סורגים,אין מחסן,משופץ,יש מיזוג אויר,יש מרפסת,יש ממ״ד,נגיש לנכים,45139,לא צויין,,"במיקום נפלא בשכונה קרוב לבית הספר הגנים וכל השירותיים הקהילתיים דירת 4 חד +חצי חדר ממד ללא חלון 
מוארת מרווחת ויפה 
לראות ולהתאהב !",
רעננה,דירה,['5'],150,עגנון,4, מרכז דרום ,4200000,0,קומת קרקע,יש מעלית,אין חניה,יש סורגים,יש מחסן,שמור,יש מיזוג אויר,אין מרפסת,אין ממ״ד,נגיש לנכים,לא צויין,לא צויין,,"מיקום מרכזי ומעולה, שכנים מעולים, קרוב ליציאה ל-531. הדירה בבלעדיות",
רעננה,דירה,['4'],100,בורוכוב,28, קרית דוד רמז ,2900000,7,קומה 2 מתוך 5,יש מעלית,אין חניה,אין סורגים,אין מחסן,משופץ,יש מיזוג אויר,אין מרפסת,אין ממ״ד,נגיש לנכים,גמיש,"דירת 4 חדרים , יש בדירה ארון בחדר ילדים, שולחןפינת אוכל עם 4 כסאות. שידה במטבח ובסלון.",,"למכירה, דירה, 4 חדרים, קומה 2, ברעננה, משופצת. כוונים מזרח וצפון. חדר שינה עם שירותים צמודים וחדר ארונות. הדירה פונה לרח חנקין, שקטה מאד. מרפסת שירות למטבח",
רעננה,דירה,['4.5'],130,רימלט אלימלך,28, לב הפארק ,3450000,0,קומה 1 מתוך 3,יש מעלית,יש חנייה,אין סורגים,אין מחסן,משופץ,יש מיזוג אויר,יש מרפסת,יש ממ״ד,נגיש לנכים,45139,לא צויין,,"חדשה בשוק!!! בלב הפארק!
במיקום מרכזי, בקרבת בית הספר, המתנ""ס, הבריכה העירונית, מרכז מסחרי וכל מה שצריך...
גדולה ומרווחת + מרפסת שמש יפה",
רעננה,דירת גן,['5'],150,שיכון אשר,28,,4990000,6,קומה 1 מתוך 3,יש מעלית,יש חנייה,יש סורגים,יש מחסן,חדש,יש מיזוג אויר,יש מרפסת,יש ממ״ד,נגיש לנכים,גמיש,לא צויין,,"למכירה דירת גן במערב רעננה.
מיקום סופר פרימיום רחוב פנימי שקט.
5 חדרים מרווח 150 מטר ארנונה .
יחידת הורים חדשה אחרי שיפוץ.
3 חניות רשומות, מחסן גדול, מעלית ממד מרפסת 60 מטר גבוה.
לתאום סיור צרו קשר
",
רעננה,דירה,['4'],103,רימלט אלימלך,4, לב הפארק ,3150000,6,קומה 3 מתוך 3,יש מעלית,יש חנייה,אין סורגים,אין מחסן,שמור,יש מיזוג אויר,יש מרפסת,יש ממ״ד,לא נגיש לנכים,גמיש,ללא,,"בקצה רעננה, צופה על השדות
דירת 4 חדרים למכירה!

בלב הפארק - רחוב רימלט
85 מ""ר בנוי (103 בארנונה)
מרפסת
ממד
חניה

קומה 3 מתוך 3
בבניין בוטיק בן 6 דיירים בלבד

זכויות לבנית 40 מ""ר נוספים על הגג!

לפרטים נוספים ותיאום ביקור:
עמית טל
הנדלן החברתי של קלר ווילאמס,",
רעננה,בית פרטי,['7.5'],280,ידין יגאל,1, מרכז דרום ,6690000,5,קומת קרקע,אין מעלית,יש חנייה,אין סורגים,אין מחסן,משופץ,יש מיזוג אויר,יש מרפסת,יש ממ״ד,נגיש לנכים,מיידי,לא צויין,,"מפרטי.  
בית דו משפחתי עם גינה שטופת שמש ממוקם ברחוב הולנדי ללא מוצא שקט.  דקות הליכה מהמרכז. בקרבת סופר, בתי קפה ובתי ספר . 6 חדרי שינה מרווחים כולל אחד בקומת קרקע ואחד בעליית הגג  4 שירותים 3 מקלחות. 
עיצוב אדריכלי  כפר בעיר - לבוא ולהכנס אחרי שיפוץ כללי.  

 למהירי החלטה ללא תיווך",
רעננה,קוטג' טורי,['7'],250,קצין,1, דרום מזרח ,5300000,2,קומת קרקע,אין מעלית,יש חנייה,אין סורגים,אין מחסן,ישן,אין מיזוג אויר,אין מרפסת,אין ממ״ד,לא נגיש לנכים,מיידי,לא צויין,,למכירה בבלעדיות קוטג' פינתי על עמודים ברחוב קצין האיכותי והמבוקש מגרש 250 מ''ר אדמה פרטית150 מ''ר בנוי המחולק לשני מפלסים  פלוס 30 מ''ר קומת כניסה פינוי מיידידרוש שיפוץ,
רעננה,קוטג',['6'],220,לב הפארק,1,,7200000,8,קומת קרקע,אין מעלית,יש חנייה,אין סורגים,אין מחסן,ישן,יש מיזוג אויר,יש מרפסת,יש ממ״ד,לא נגיש לנכים,45139,לא צויין,,"בית נהדר בשכונה נפלאה !!

",
רעננה,דירה,['5'],136,אחד העם,1, לסטר ,3850000,2,קומה 5 מתוך 7,יש מעלית,יש חנייה,אין סורגים,אין מחסן,חדש מקבלן,יש מיזוג אויר,יש מרפסת,יש ממ״ד,נגיש לנכים,מיידי,לא צויין,,"דירה חדשה מהקבלן באזור מבוקש .
5 חדרים .מרווחת ומוארת
3 כוייוני אויר מערב מזרח וצפון
מרפסת שמש
2 חדרי אמבטיה ו3 שירותים
מעלית. חניה במכפיל
קומה גבוהה",
רעננה,דירה,['5'],126,אחד העם,1, לסטר ,3850000,1,קומה 5 מתוך 7,יש מעלית,יש חנייה,אין סורגים,אין מחסן,חדש מקבלן,יש מיזוג אויר,יש מרפסת,יש ממ״ד,נגיש לנכים,מיידי,לא צויין,,"דירה חדשה מהקבלן באזור מבוקש .
5 חדרים .מרווחת ומוארת
3 כוייוני אויר מערב מזרח וצפון
מרפסת שמש 
2 חדרי אמבטיה ו3 שירותים
מעלית. חניה במכפיל
קומה גבוהה",
רעננה,דירה,['5'],152,ברנר,1, מרכז דרום ,3600000,5,קומה 2 מתוך 4,יש מעלית,יש חנייה,אין סורגים,יש מחסן,משופץ,יש מיזוג אויר,אין מרפסת,יש ממ״ד,נגיש לנכים,גמיש,לא צויין,,"חדש בשוק !
רעננה מרכז דרום 5 חדרים קומה ב' מושקעת מאד עם מעלית חניה פרטית ומחסן .
חובה לראות ! ",
רעננה,דירה,['5'],130,רעננה צפון,1,,3490000,5,קומה 4 מתוך 6,יש מעלית,יש חנייה,אין סורגים,יש מחסן,חדש,יש מיזוג אויר,יש מרפסת,יש ממ״ד,נגיש לנכים,גמיש,לא צויין,,"דירת 5 חדרים חדשה 
בפרויקט אלקטרה .
בקומה שלישית
מרפסת 10 מ""ר לנוף פתוח
מאסטר הורים גדול
2 חניות רגילות 
מחסן גדול ו ממד
חייבת להימכר מהר.",
פתח תקווה,דירה,6 חד׳,"130 מ""ר",גרוטו אלכסנדר ,6,נווה גן ,3880000,5,קומה 5 מתוך 9,TRUE,TRUE,TRUE,TRUE,שמור,TRUE,TRUE,TRUE,FALSE,גמיש,לא צויין,,,
פתח תקווה,דירה,5 חד׳,"137 מ""ר",העצמאות ,69,כפר גנים ג ,3700000,0,קומה 2 מתוך 8,TRUE,TRUE,FALSE,FALSE,שמור,TRUE,TRUE,TRUE,FALSE,לא צויין,לא צויין,,"למכירה ללא תיווך מוכרים את דירתנו היפה 5 חדרים- כפר גנים ג' ,פתח תקווה במיקום מעולה דירה עורפית 3 חניות, מחסן צמוד, סורגים ורשתות בחלונות, פינת אוכל נפרדת וגדולה, מזגן מיני מרכזי בכל הבית+ מזגן נוסף בחדר ילדים בקרבת מרכזי קניות, בתי ספר ותחבורה ציבורית",
פתח תקווה,דירה,4 חד׳,"96 מ""ר",הנשיאים ,,כפר גנים ב ,2400000,0,קומה 1 מתוך 4,FALSE,TRUE,TRUE,FALSE,שמור,FALSE,FALSE,FALSE,FALSE,מיידי,לא צויין,,"דירת גדולה מיועדת לתמ""א 2 אחרי שולחן עגול, יש קבלן צפי תחילת בניה כשנה וחצי.פוטנציאל לקבלת דירת 4 חדרים חדשהיש 2 חניות!",
פתח תקווה,דירה,6 חד׳,"152 מ""ר",מסקין ,46,כפר גנים ג ,4280000,6,קומה 2 מתוך 8,TRUE,TRUE,TRUE,TRUE,חדש,FALSE,TRUE,FALSE,FALSE,גמיש,לא צויין,,"מפרטי למכירה!!! ללא תיווך!!! דירת 6 חדרים עורפית (דרום- מערב) לשדרה הירוקה ברח' מסקין 46 בכפר גנים, קומה 2 בבניין בן 4.5 שנים מפואר ומתוחזק: דירה גדולה 138 מ""ר, מרווחת ומוארת הכוללת יחידת הורים ויחידת מתבגר, מרפסת 14 מ""ר, מטבח כשר של סמל, 3 חדרי שירותים, ארונות אמבטיה ומקלחונים משודרגים, חלונות חשמל ורשתות, מיזוג VRF אלקטרה, דוד שמש וחשמל ומערכת חימום מים על גז, ריצוף גדול ומשודרג, 2 חניות עוקבות",
פתח תקווה,דופלקס,5 חד׳,"123 מ""ר",ראש פינה ,2,אם המושבות הותיקה ,3750000,0,קומה 5 מתוך 5,TRUE,TRUE,FALSE,FALSE,ישן,FALSE,TRUE,FALSE,FALSE,לא צויין,לא צויין,,"למכירה דירת דופלקס ברחוב ראש פינה באם המושבות הותיקה על השדרה. קומה 5 ו-6, בניין קטן עם 12 דיירים. הדירה 123 מ', 5 חדרים שהוסבו ל 4, שתי אמבטיות מלאות ושירותי אורחים. שתי מרפסות- בקומת הסלון מרפסת של 28 מ וביחידת ההורים מרפסת של 3.5 מ' נוף פתוח. חניה ל 4 רכבים",
פתח תקווה,דירה,4 חד׳,"80 מ""ר",בגין מנחם ,11,הדר גנים ,2179000,0,קומה 3 מתוך 4,TRUE,TRUE,TRUE,FALSE,שמור,FALSE,FALSE,FALSE,FALSE,גמיש,לא צויין,,,
פתח תקווה,דירה,3 חד׳,"64 מ""ר",הוברמן ,,"שיכון מפ""ם ",2140000,12,קומה 1 מתוך 8,TRUE,TRUE,TRUE,FALSE,משופץ,FALSE,TRUE,FALSE,FALSE,גמיש,לא צויין,,"בשכונת מפ""ם השקטה והמבוקשת, בבניין בוטיק סופר מטופח עם לובי גדול ומרשים. 2 מעליות, סהכ 8 קומות. חניה רגילה ומרווחת. דירת 3 חדרים מוארת נקייה ובעלת אנרגיות טובות, משופצת, אלומיניום חדש בחדרי השינה. מזגן חדש בכל חדר. נעשה שיפוץ בחדר האמבטיה הצנרת הוחלפה לפני 3 שנים. דוד שמש וחשמל. 3 כיווני אוויר צפון מערב ודרום.דירה מקסימה פשוט להתאהב!יציאה קלה מהעיר, קרובה לבתי ספר וגני ילדים. הליכה לתחב""צ",
פתח תקווה,דירה,3.5 חד׳,,סלומון ,,המרכז השקט ,2500000,7,קומה 1 מתוך 4,TRUE,TRUE,FALSE,FALSE,משופץ,FALSE,FALSE,FALSE,FALSE,מיידי,לא צויין,,"למכירה דירה מונגשת ‼ עם פתחים רחבים ברחוב סלומון 
במרכז העיר פתח תקווה, באזור עם צביון דתי

- 3.5 חדרים שהוסבה ל 3 חדרים גדולים 
- מוארת ומרווחת
- סלון ענק
- קומה 1 
- משופצת ברמה גבוהה 
- מזגנים
- מעלית
- פנויה לכניסה מיידית
- בקרבת בתי ספר וגני ילדים (חינוך ממלכתי וחינוך דתי), תחבורה ציבורית ומרכזי קניות

- עמיר קרן, מגשר וזכיין 
- רי/מקס INSPIRE פתח תקווה",
פתח תקווה,דירה,4 חד׳,"112 מ""ר",היבנר ,23,כפר גנים א ,2530000,10,קומה 2 מתוך 5,TRUE,TRUE,TRUE,FALSE,משופץ,FALSE,FALSE,FALSE,FALSE,מיידי,חלקי,,"דירת 4 חדרים קומה 2, עורפית שקטה, משופצת ומתוחזקת 2 דירות בקומה ברח' היבנר היוקרתי, חניה בטאבו, מעלית , 2 חדרי רחצה ושירותים , מזגן בכל חדר , קרובה למרכזי מסחר ,מוסדות חינוך, ושטחים ירוקים.הבניין לאחר שיפוץ כללי כולל מעטפת, חיזוק עמודים ולובי.  אופציה למרפסת שמש.
ללא תיווך!  מתווכים מתבקשים לא להתקשר!!!",
פתח תקווה,דירה,5 חד׳,"100 מ""ר",חפץ חיים ,65,המרכז השקט ,2300000,5,קומה 4 מתוך 5,TRUE,TRUE,TRUE,FALSE,משופץ,FALSE,TRUE,FALSE,FALSE,גמיש,לא צויין,,"ללא תיווך! דירה מהממת ומושקעת, ממ""ד,יח' הורים,חניה כפולה,5ח' (4.5 במקור),2 דיירים בקומה,3 כיווני אוויר,במיקום מצויין ושקט.",
פתח תקווה,דירה,4 חד׳,"85 מ""ר",ארלוזורוב,17,כפר גנים א,2120000,0,קומה 1 מתוך 5,TRUE,FALSE,FALSE,TRUE,משופץ,TRUE,FALSE,TRUE,TRUE,לא צויין,"דירה משופצת קומפלט, מטבח מנגר פרטידירה מאד מסודרת ויפייפיה, כדאי לבוא לראות, לא למתווכים!",,"דירה משופצת קומפלט, מטבח מנגר פרטי דירה מאד מסודרת ויפייפיה, כדאי לבוא לראות, לא למתווכים! יציאה גמיש בנין שקט בוטיק, יש תהליך שהתחיל של תמא אזורי עם חברת אזורים להגדלת שטח הדירה ל5 חדרים עם מרפסת וחנייה, פרטים נוספים בנייד. הקודם זוכה",
פתח תקווה,דירה,5 חד׳,"120 מ""ר",פרידמן אלעזר,22,צמרת גנים,2800000,0,קומה 8 מתוך 9,TRUE,TRUE,TRUE,TRUE,משופץ,TRUE,TRUE,TRUE,TRUE,גמיש,לא צויין,,,
פתח תקווה,דירה,2.5 חד׳,"49 מ""ר",פינס יחיאל מיכל,29,המרכז השקט,1575000,4,קומה 2 מתוך 3,FALSE,FALSE,FALSE,FALSE,שמור,FALSE,FALSE,FALSE,FALSE,גמיש,לא צויין,,"ברוכים הבאים לפינס 29 יש לנו דירת 2.5 חדרים בקומה 2 ללא מעלית , חניה משותפת הדירה מושכרת . יש פוטנציאל עתידי לפינוי בינוי. לתאום סיור בנכס : ארתור אדריי יועץ הנדלן שלכם :)",
פתח תקווה,דירה,4 חד׳,"109 מ""ר",פנקס,10,המרכז השקט,2560000,10,קומה 1 מתוך 5,TRUE,FALSE,FALSE,FALSE,משופץ,TRUE,TRUE,TRUE,TRUE,גמיש,לא צויין,,במרכז השקט דירת 4 חדרים מושקעת בניין קטן עם מעט דיירים עורפית ושקטה צרו קשר לפרטים נוספים ותיאום סיור,
פתח תקווה,בניין,4 חד׳,"100 מ""ר",כנסת ישראל,57,שעריה,2810000,0,קומה 2 מתוך 2,TRUE,TRUE,TRUE,FALSE,שמור,TRUE,TRUE,TRUE,TRUE,גמיש,חלקי,,"בס״ד קומה 2 מתוך 5,דירה עורפית(צפון מזרח) בטאבו + חנייה ,שמורה מושקעת ומתוחזקות מאוד, יחידת הורים כולל שרותים ומקלחת. מרקיזה במרפסת. תריס גלילה ביציאה למרפסת. מזגן תדיראן מרכזי 5.5 כ״ס. סורגים ורשתות בכל הבית. שקעי גיוויס בכל הבית. מסתור הכביסה הפך למחסן שירות כולל סולם קבוע תאורה ומדפים. *בבניין חדר עגלות גדול לשירות הדיירים. *בשבת מופעל תאורה ע״י שעון שבת בקומות ובמדרגות. קניון, מסעדה,מרכזי חנויות,גני שעשועים,בתי כנסת, בתי ספר, כביש 40/מכבית/6 בסמוך לנכס. לא לתיווך!!!!!!!!!!!!!!!!!!!!!",
פתח תקווה,דירה,3 חד׳,"92 מ""ר",הנביאים,14,שעריה,2270000,6,קומה 3 מתוך 9,TRUE,TRUE,TRUE,FALSE,חדש,TRUE,TRUE,TRUE,TRUE,גמיש,מלא,,"למכירה (ללא תיווך) דירת 3 חדרים עורפית ומושקעת בבניין חדש ברחוב הנביאים (קומה 3 מתוך 9) בכיוונים דרום-מערב. מטבח גדול ומשודרג מנגר, מרפסת 12 מ״ר מרווחת הפונה לנוף פתוח וכוללת סגירה, ממד מרווח, יחידת הורים עם מקלחת ושירותים, רשתות בכל הבית וחניה תת קרקעית בטאבו. בבניין יש 2 מעליות וגינה פרטית לדייר הבניין ובצמוד לבניין חניון ציבורי גדול ובשפע.",
פתח תקווה,דירה,4 חד׳,"110 מ""ר",כץ מיכל לייב,94,כפר גנים ב,2590000,1,קומה 4 מתוך 25,TRUE,TRUE,FALSE,TRUE,חדש,TRUE,TRUE,TRUE,TRUE,גמיש,לא צויין,,"חדש למכירה! במגדלים של כץ 94, כפר גנים ב'. בניין חדש ויוקרתי משנת 2019. דירת 4 חד ענקית ויפה כ110 מ״ר בארנונה + 13 מרפסת יש מחסן, חניה , 3 מעליות וממד קומה 4 לכיוון דרום מזרח מיזוג חדש , ארונות קיר בנויים, חימום מים בגז. לפרטים נוספים ותיאום חייגו עכשיו!",
פתח תקווה,בית פרטי,6 חד׳,"330 מ""ר",האחים ישראלית,,האחים ישראלית,6850000,3,קומת קרקע,FALSE,TRUE,FALSE,TRUE,לא צויין,TRUE,TRUE,TRUE,TRUE,לא צויין,פרטי ריהוט יימסרו במהלך הביקור בנכס.,,"נכס מיוחד שלא רואים כל יום !! בית פרטי באם המושבות - יושב על מגרש כ260 מ""ר, בנוי כ330 מ""ר, 3 מפלסים, חדרים גדולים מאוד, מזגן בכל חדר. גינה כ120 מ""ר, בנוסף מרפסת שמש גדולה לחזית, במפלס השני. לבית 3 יחידות דיור מאושרות -- מניבות ביחד כ12,000 ש""ח.",
פתח תקווה,דופלקס,4.5 חד׳,"160 מ""ר",הנשיאים,5,כפר גנים א,2570000,11,קומה 3 מתוך 4,FALSE,FALSE,TRUE,TRUE,משופץ,TRUE,FALSE,FALSE,FALSE,מיידי,"ארונות צמודים בחדרים,אח חשמלי,מטבח+שולחן מטבח אי וכו",,"דירה בעיצוב אירופאי בשכונת כפר גנים המבוקשת.קומה תחתונה סלון,מטבח שני חדרי שינה,אמבטיה ושני שירותים,קומה עליונה(נפרדת) חדר וחצי,חדר אמבטיה ושירותים,מטבחון מרפסת וגג ענק!!! לא בשבת. גמיש. לא מתווכים!!!",
ירושלים,דירה,3 חד׳,"75 מ""ר",אבן גבירול ,10,רחביה ,3900000,11,קומה 4 מתוך 5,FALSE,TRUE,FALSE,TRUE,משופץ,FALSE,FALSE,FALSE,FALSE,גמיש,לא צויין,"מפרטי, קיימת גמישות במחיר 
(לא למתווכים, בבקשה!)
הנכס שופץ בשנה שעברה, כולל מקלחות, צינורות הסקה, מטבח, ריצוף וכו...
דירה קסומה, עם שתי מרפסות; מרפסת סגורה ומרפסת פתוחה, כאשר לא יבנו מולה לעולם.
המטבח נעשה בנגרות, ברמה גבוהה מאוד.
ישנן שתי מקלחות+שירותים. 
כיוון דרום-מערב, נוף פתוח.
שני הצדדים ישארו פתוחים ולא יבנו מולם.
אין נכסים כאלה ברחביה!",,
ירושלים,דירה,4 חד׳,"95 מ""ר","אצ""ל ",1,הגבעה הצרפתית ,11111111,0,קומה 6,FALSE,FALSE,FALSE,FALSE,משופץ,FALSE,FALSE,FALSE,FALSE,גמיש,לא צויין,"Luxeriors property  (high -standard renovatrd).hard to find like this. Large .convenient . elevator+p. storage 
Excelent location+   quite +pastoral +central + very close to ramat eshkol  .  good for 'shomer shabat'  investors 
Gorgeous view to mount tample  
 .sought after +renovated building + very well maintained  
( prospect for an extention of around 30 square meters porch and so on.Please contact only by email hermas523711@gmail.com and  if you can afford a budget which is higher than 3 million i.s",,
ירושלים,דירה,3 חד׳,"65 מ""ר",אחד העם ,,טלביה ,2390000,6,קומה 2 מתוך 2,FALSE,FALSE,FALSE,TRUE,ישן,FALSE,FALSE,FALSE,FALSE,לא צויין,לא צויין,,"במיקום נחשק בלב שכונת טלביה היוקרתית, רחוב אחד העם הפסטורלי, בבניין קטן.
בסמוך לתיאטרון ירושלים, בית הנשיא ובית ראש הממשלה. מרחק הליכה לשכונת המושבה הגרמנית ובקעה וכן ממילא והעיר העתיקה. 
למכירה דירת 3 חדרים בשטח של 65 מ""ר בקומה השנייה והאחרונה. לדירה מרפסת סוכה גדולה ושלושה כיווני אוויר. הדירה דורשת שיפוץ כללי.
מדובר בעסקה מעולה גם  למשקיעים, אופציה לדירת אייר בי אנד בי. 
קרקע בחכירה עד 2051 באמצעות קק""ל.",
ירושלים,דו משפחתי,5 חד׳,"160 מ""ר",האוזנר גדעון ,,רמת שרת ,6000000,7,,FALSE,TRUE,TRUE,TRUE,חדש,FALSE,TRUE,TRUE,FALSE,גמיש,לא צויין,,"דו משפחתי חדש בן 3 שנים בלבד, כניסה פרטית מהרחוב, 4 כיוונים, לא צמוד לשום שכן ! 
דו משפחתי מושקע מחולק ל5 חדרים עם סלון גדול, 2 מרפסות של 60 מטר סוכה לכיוון הנוף פתוח, הכל במפלס אחד, הבית מלאה אור, מטבח פתוח ברמה, יחידת הורים עם חדר מקלחת וחדר ארונות, חדר אמבטיה וחדר שירות, מזגן מרכזי, חימום תת רצפתי, 2 חניות פרטיות ומחסן ! ",
ירושלים,דירה,3.5 חד׳,"73 מ""ר",שושנה ,7,קרית משה ,2650000,0,קומה 1 מתוך 3,FALSE,TRUE,FALSE,TRUE,שמור,TRUE,FALSE,TRUE,FALSE,גמיש,מלא,,דירה מוארת 3כיווני אויר.מיקום קרוב לרכבת הקלה וליציאה לבגין/יציאה מהעיר.רחוב שקט באזור מתפתח.קרוב למכולת 24/6 ולבתי הכנסת המרכזיים.,
ירושלים,קוטג',6 חד׳,"160 מ""ר",האוזנר גדעון ,46,רמת שרת ,7990000,9,קומה 3 מתוך 3,TRUE,TRUE,TRUE,TRUE,שמור,TRUE,TRUE,TRUE,FALSE,גמיש,חלקי,,"למכירה בהולילנד ברחוב גדעון האוזנר
קוטג 6 חדרים, 160 מ״ר בנוי על 2 קומות, 120 מ״ר מרפסת עם בריכה מהקומה העליונה, 40 מ״ר מרפסת מהסלון, 12 מ״ר מרפסת מחדר השינה. 
3 חדרי שינה בהם יחידת הורים ענקית, ממ״ד, סלון גדול ופינת אוכל נפרדת. 
בנוסף לבית חלל בשטח של 55 מ״ר חפור ומוכן לבנייה,מחסן 12 מ״ר ו-2 חניות מקורות. 
 הבית עם נוף מדהים והמון פוטנציאל. 
מחיר 7,500,000 ש״ח 
לתיאום צרו קשר אליעזר -מתווך.",
ירושלים,פנטהאוז,4.5 חד׳,"180 מ""ר",רסקו (גבעת הורדים) ,,,7200000,9,קומה 3 מתוך 3,TRUE,FALSE,TRUE,TRUE,ישן,FALSE,FALSE,TRUE,FALSE,גמיש,לא צויין,,"פנטהאוז ברחוב יוקרתי, 180 מ""ר (רשום בטאבו פחות) מתפרס על פני כל הקומה. מעלית לתוך הדירה, מרפסת גדולה, מחסן וחניה. המון פוטנציאל - לשיפוץ.",
ירושלים,דירה,4 חד׳,"95 מ""ר",ורשבסקי אריה ,,הר חומה ,2925000,4,קומה 4 מתוך 7,TRUE,TRUE,TRUE,TRUE,שמור,TRUE,TRUE,TRUE,FALSE,גמיש,דירה פינתית 3 כיווני אוויר מלאת אור ושמש פונה לנוף ירוק ופתוח ,,דירת  4 חדרים בכניסה להר חומה רחוב אריה ורשבסקי דירה פינתית מלאת אור ונוף דירה יפיפייה פונה לנוף פתוח + שתי מרפסות סוכה יחידת הורים מרווחת המיוחד + חניה מקורה + מחסן ,
ירושלים,דירה,2 חד׳,"45 מ""ר",אורוגואי ,3,קרית היובל ,1900000,10,קומה 5 מתוך 9,TRUE,TRUE,FALSE,TRUE,שמור,TRUE,TRUE,FALSE,FALSE,מיידי,לא צויין,,הדירה מעל קופת חולים כללית.מרכז מיסחרי.סופר.מיסעדות.בתי קפה.טמבוריה.מכבסה.בית הפרי.בית מאפה.דואר הדירה שטופת שמש במשך כול היום.מירפסת בגודל של כ30 מטר לערך.פתוחה לנוף ללא תיווך. אפשר לראות את הדירה רק בימי רביעי ביו14:00 ל16:00 יש שוכר בדירה יש נמישות במחיר,
ירושלים,בניין,,"110 מ""ר",בן נריה ברוך ,14,נחלאות ,6500000,4,,FALSE,TRUE,FALSE,FALSE,משופץ,TRUE,TRUE,FALSE,FALSE,מיידי,מלא,,"מגרש של 80 מר
עם 4 דירות  היסטוריות 
1. דירה סטודיו 17 מ""ר 
2. דירה סטודיו 31 מ""ר
3. דירת סטודיו 25 מ""ר 
4. דירת 2 חדרים 35 מ""ר
ניתן להוסיף עוד קומת מגורים ועליית גג (2-3 דירות )

פרטים במייל בלבד 
oribh9@gmail.com
או בווטסאפ בלבד",
ירושלים,דו משפחתי,4 חד׳,,ורבורג ,,קרית היובל ,5900000,5,קומה 1 מתוך 1,FALSE,TRUE,FALSE,TRUE,שמור,TRUE,FALSE,TRUE,FALSE,דצמ-24,לא צויין,,בית עם פוטנציאל,
ירושלים,דירת גן,4 חד׳,"250 מ""ר",אליהו מרידור ,,פסגת זאב ,2890000,6,קומת קרקע,TRUE,TRUE,TRUE,FALSE,משופץ,TRUE,TRUE,TRUE,FALSE,גמיש,לא צויין,,"למכירה דירת גן 
4 חדרים משופצת מהייסוד כ-100 מ""ר 
גינה גדולה ומטופחת 
בשטח כ-150 מ""ר 
עם בריכת שחיה ופינת ברביקיו - בניין בוטיק 
עם חנייה, מחסן ומעלית 
כיווני אוויר מעולים רק להיכנס 
ולחיות את החלום ",
ירושלים,קוטג',8 חד׳,"240 מ""ר",גוייטין דוד ,9,פסגת זאב ,4880000,10,קומת קרקע,FALSE,TRUE,TRUE,TRUE,משופץ,TRUE,TRUE,TRUE,FALSE,גמיש,חלקי,,"דירה בת שמונה חדרים, חדרי שינה הכי גדולים בעיר  +2 מרפסות , 3  שירותים , 2  חדרי רחצה יונקרס דיגטלי , חימם הסקות ,מזגן פרטי בכל חדר , מטבח מפואר ,ארונות קיר ,    ריהוט במקלחות ועוד.
דירה על הגג  3 חדרים כניסה נפרדת מטבח מפואר שירותים מקלחת ממ""ד + 2 מרפסות מזגני תדיארן בכל חדר בנפרד חימום מים דוד שמש , ארון קיר . 
אור שמש  מהזריחה עד השקיעה מול הפארק ירוק ושמח . שיפוץ יסודי . 
קרבת מרכז מסחרי בתי כנסת ותחבורה ציבורית . מיקום במזרח של המזרח",
ירושלים,דירה,2 חד׳,"40 מ""ר",אלפסי ,32,רחביה ,2800000,10,קומת קרקע,FALSE,TRUE,FALSE,TRUE,משופץ,FALSE,FALSE,FALSE,FALSE,גמיש,מלא,,"נכס חדש בבלעדיות ! 
למכירה בשכונת רחביה היוקרתית בירושלים
ברחוב ״ אלפסי ״ המבוקש
2 חדרים גדולים מרוהטת + גינה 25 מטר!
דירה משופצת להשקעה, תשואה גבוהה!
מושכרת 5500 לטווח ארוך 
מותאמת גם להשכרה לטווח קצר
Booking & Airbnb",
 נהריה,דירה,5 חד׳,"140 מ""ר",דוגית,8,אכזיב,3825000,8,קומה 1 מתוך 4,TRUE,FALSE,FALSE,FALSE,חדש,TRUE,TRUE,TRUE,TRUE,מיידי,לא צויין,,"חדשה לגמרי - קו ראשון לים. שכונת אכזיב המדהימה. מרחק דקות בודדות של הליכה לים וללגונות. נוף לים ולעתיקות של הגן הלאומי אכזיב מכל החדרים. בניין ראשון, קומה ראשונה. חמישה חדרים (כולל ממ""ד) + 2 מקלחות עם שירותים + חדר שירות. מזגן מרכזי. 120 מטרים בנוי ו20 מטרים מרפסת חזיתית לים. דק איפאה מלא במרפסת. אדריכלות פנים מושקעת ביותר. מרוהטת. דירה יפיפייה, פונקציונלית ומפנקת!",
נהריה,דירה,4 חד׳,"90 מ""ר",אביר יעקב,2,גבעת כצנלסון,1200000,8,קומת קרקע,FALSE,FALSE,FALSE,FALSE,ישן,FALSE,FALSE,FALSE,FALSE,מיידי,לא צויין,,דירת 4 חדרים עם גינה גדולה אפשרות לעוד בניה גדולה נוספת. בממשלתי במקום מנצח מול פלאפל ניר נגיש לכל מקום קרוב מאוד לעיר מתאים גם למשקיעים 1200000 שח ללא תיווך!,
 נהרייה,דירה,4 חד׳,"105 מ""ר",ויצמן,28,מרכז העיר,1850000,4,קומה 5 מתוך 6,TRUE,FALSE,FALSE,TRUE,חדש מקבלן,TRUE,TRUE,TRUE,TRUE,לא צויין,לא צויין,,"דירת 4  חדרים מרווחת חדשה מקבלן במרכז העיר. 5 דק הליכה מחוף גלי גליל. שקטה נגישה ונוחה. מרפסת 14 מ""ר ",
 נהרייה,דו משפחתי,6 חד׳,"160 מ""ר",ניסנית,8,נוה מנחם בגין,3850000,10,קומת קרקע,FALSE,FALSE,TRUE,TRUE,משופץ,TRUE,FALSE,TRUE,TRUE,גמיש,לא צויין,,"דו משפחתי על שטח של 250 מ""ר בנוי 160 מ""ר 5 חדרים + יחידת דיור מושכרת גג סולארי נכס מניב כ 3,500 ש""ח בחודש יחידת הורים כולל מקלחת וחדר ארונות הבית עבר שיפוץ כללי כולל החלפת דלתות, ריצוף בכל הבית, מקלחות, שירותים. בית פינתי במיקום מעולה",
 נהריה,דירה,3 חד׳,"89 מ""ר",שקד,26,עין שרה,1360000,4,קומה 3 מתוך 6,TRUE,FALSE,FALSE,FALSE,משופץ,TRUE,FALSE,TRUE,TRUE,גמיש,לא צויין,,דירה מהממת מתאימה לזוג עם ילד בתחילת דרכם או כדירה להשקעה,
 נהריה,דירת גן,4 חד׳,"147 מ""ר",ליבנה,10,נוה אלון (עמידר),2050000,7,קומת קרקע,TRUE,FALSE,FALSE,TRUE,חדש,TRUE,TRUE,TRUE,FALSE,גמיש,לא צויין,,"מה גייסנו עבורכם!המוצר *הכי* חם בשוק הנדל״ן!*למכירה בנהריה דירת גן 4 חדרים ושימו לב לנתונים!*כ 110 מטר בנוי*כ 200 מטר גינה מטופחת ומתוחזקת*2 חניות!! *פינת אוכל מוגדרת*2 מקלחות  3 שירותים*מטבח מרווח*בקרבת בית כנסת,מוסדות חינוך ועתידית למרכזים מסחריים *שכונה מתפתחת עם שבילי אופניים פארקים ושבילי הליכה ",
 נהריה,דירה,3.5 חד׳,"85 מ""ר",ז'בוטינסקי,42,מרכז העיר,1450000,4,קומה 1 מתוך 3,FALSE,FALSE,FALSE,TRUE,שמור,TRUE,FALSE,FALSE,FALSE,גמיש,ללא,,מיקום מעולה חמש דק מהים!!!דירה גדולה ומרווחת!!מושכרת ב 2800 שח/חודש!!חניה מקורה בטאבו !!!מכולת בצד השני של הכביש!!!בתהליך מתקדם של תמא 38 בניה והריסה!!לאחר התמא דירת 4 חדרים הכוללת ממד +מרפסת בבניין חדש!!!,
 נהריה,דופלקס,5 חד׳,"157 מ""ר",הרצל,145,נוה מנחם בגין,1750000,10,קומה 3 מתוך 3,TRUE,FALSE,FALSE,TRUE,משופץ,TRUE,TRUE,TRUE,FALSE,גמיש,לא צויין,,"למכירה דופלקס 5 חדרים בשכונה המבוקשת והשקטה עין שרה. למטה: מטבח רגבה חדש,סלון מרפסת עם פרגולה, 2 חדרי שינה (אחד סוויטה עם שירוקלחת), שירותי אורחים מקלחת נפרדת וממ""ד למעלה: חדר הורים ענק,שירותים ומקלחת, חדר ארונות ומרפסת שמש גדולה. הכל במרחק הליכה: גנים בתי ספר וגני שעשועים",
 נהרייה,דירה,3 חד׳,"73 מ""ר",אפרים,,אוסישקין,915000,6,קומה 3 מתוך 4,FALSE,FALSE,FALSE,FALSE,משופץ,TRUE,FALSE,FALSE,FALSE,מיידי,לא צויין,,דירה במיקום מעולה. במחיר שפוי. מעולה להשקעה ומגורים. אחרי שיפוץ. כניסה מיידית.. ,
זכרון יעקב,דו משפחתי,5 חד׳,"173 מ""ר",השקמה,2, נווה שלו,4200000,20,קומת מרתף,FALSE,TRUE,FALSE,TRUE,שמור,TRUE,TRUE,TRUE,FALSE,גמיש,חלקי,,"בהזדמנות נדירה!
תומחר לעיסקה מהירה וכדאית!
מגרש גדול 359 מטר!!!
גינה קדמית ואחורית!
פרטיות מלאה ללא קירות משותפים!
נותרו עוד אחוזי בנייה!!!
חדרי שינה גדולים ומרווחים מאוד!
מזגנים עיליים ותריסים חשמליים!
גן שעשועים מעבר לבית, פתוח לשצף (חורשה)  !!!
   מרחק הליכה של 3 דק לבית ספר!
גישה מהירה לכביש 4 ולמרכז המושבה!
לבוא ולהתאהב.❤️❤️❤️❤️❤️",
זכרון יעקב,דו משפחתי,8 חד׳,"300 מ""ר",בן גוריון,29, גבעת עדן,5800000,0,קומת קרקע,FALSE,FALSE,TRUE,TRUE,משופץ,TRUE,FALSE,TRUE,FALSE,לא צויין,לא צויין,,"בשכונת גבעת עדן היוקרתית. דו משפחתי בן 6 חדרים + 2 חדרים ביחידה נפרדת + מחסן ענק. 3 חדרי שירותים-מקלחת, חלל אירוח גדול ומואר עם מרפסת ענקית שפונה לנוף, מטבח משודרג וגדול. גובל בשטח ציבורי ירוק. בנוי כ 300 מ""ר (3 מפלסים), מגרש 400 מ""ר",
זכרון יעקב,דו משפחתי,5 חד׳,"170 מ""ר",N/A,N/A,נווה הברון,5500000,4,קומת קרקע,FALSE,FALSE,FALSE,FALSE,חדש מקבלן,FALSE,FALSE,FALSE,FALSE,לא צויין,לא צויין,,"בשכונת נווה הברון המבוקשת בזכרון יעקב למכירה דו-משפחתי בסטנדרט גבוה. 170/250 מ""ר, 5 חדרים עם אופציה ליצירת חדר 6 / קליניקה עם כניסה נפרדת. מזגנים בכל הבית, מטבח גדול של סמל. תכנון מוקפד, חללים מרווחים ומוארים, גינה קדמית עם יציאה מהמטבח וגינה אחורית עם יציאה מהסלון. בית מעולה! התקשרו אליי לפרטים נוספים (נכס 612)",
זכרון יעקב,דירה,3 חד׳,"75 מ""ר",N/A,N/A,מול היקב,1680000,9,קומה 2 מתוך 3,FALSE,TRUE,FALSE,TRUE,לא צויין,TRUE,FALSE,FALSE,FALSE,לא צויין,לא צויין,,"למכירה בבלעדיות בזכרון יעקב דירה מתוקה למגורים ו/או להשקעה. הדירה בקומה 2 מתוך 3 קומות בבניין הממוקם בשכונה טובה ושקטה. 3 חדרים, כ 75 מ""ר, מזגנים בכל חדר, מחסן וחניה. הדירה בבלעדיות משרדנו, מוזמנים ליצור קשר לפרטים נוספים (נכס 602)",
זכרון יעקב,דו משפחתי,5.5 חד׳,"176 מ""ר",סנש חנה,14, רמת צבי,3850000,0,קומת קרקע,FALSE,FALSE,FALSE,TRUE,משופץ,TRUE,FALSE,FALSE,FALSE,לא צויין,לא צויין,,"בית בשכונה מתחדשת, באזור שקט ומרכזי קרוב ונגיש למרכז מסחרי, סופר, קאנטרי וביה״ס. בית משופץ, מסודר ונעים עם חצר היקפית, מרווחת וגדולה. ישנה אפשרות להרחבה נוספת, קיים היתר קיימת יחידה מניבה להשכרה",
זכרון יעקב,דירה,5 חד׳,"120 מ""ר",הרב עזריאלי,1, רמת צבי,2680000,12,קומה 1 מתוך 8,TRUE,FALSE,TRUE,FALSE,חדש,TRUE,FALSE,TRUE,TRUE,גמיש,לא צויין,,מוכרים את דירתנו המהממת בפרויקט היוקרה החדש 'אחוזת הברון' דירת 5 חדרים משודרגת מרפסת יחידת הורים 3 חדרי שרותים ומקלחת מפרט ברמה גבוהה 3 כיווני אוויר דירה מוארת ומאווררת מזגן מרכזי בכל הדירה+ מזגנים עיליים בחדרי השינה. חניה פרטית הדירה בת פחות משנה!ללא תיווך,
זכרון יעקב,בית פרטי,6 חד׳,"240 מ""ר",N/A,N/A,גבעת עדן,6100000,6,קומת קרקע,FALSE,TRUE,TRUE,TRUE,משופץ,TRUE,TRUE,TRUE,FALSE,גמיש,לא צויין,,"בשכונת גבעת עדן המבוקשת, בית בודד,מגרש גדול. גינה מטופחת. משופץ, חדרים מרווחים. חימום תת רצפתי. כניסה גמישה. ",
זכרון יעקב,דירה,4 חד׳,"96 מ""ר",פרנק אנה,2, רמת צבי,2220000,6,קומה 1 מתוך 5,TRUE,TRUE,TRUE,TRUE,חדש,TRUE,TRUE,TRUE,TRUE,גמיש,מלא,,"דירת  4 חדרים 96 מ""ר משופצת כמו חדשה + מרפסת שמש ומחסן במרכז זכרון יעקב (מזגן חדש בכל חדר). קרוב למרכז המסחרי וגני ילדים במושבה.
מושכרת כיום למשפחה מקסימה ב 5,000 ש""ח לחודש עד ינואר 2024
מתאים למשפחות!
לא מתיווך!",
זכרון יעקב,דו משפחתי,5.5 חד׳,"250 מ""ר",מלכי ישראל,10, נווה שרת,3860000,1,קומת קרקע,FALSE,TRUE,FALSE,FALSE,שמור,TRUE,TRUE,TRUE,TRUE,גמיש,ללא,,"*למכירה ללא תיווך* באיזור פארק היין בזכרון יעקב
קוט׳ג דו משפחתי 
מגרש 250 מ״ר
שטח בנוי 135 מ״ר
5.5 חדרים 
2 חדרי מקלחת 
שרותי אורחים
ממ״ד
מרפסת גג גדולה כ 60 מ״ר משקיפה לשמורה
חניה צמודה 
נגיש לנכים 

*ללא תיווך *
לא בשבת",
זכרון יעקב,דו משפחתי,6 חד׳,"200 מ""ר",N/A,N/A,המושבה,3950000,1,קומת קרקע,FALSE,TRUE,FALSE,FALSE,חדש מקבלן,FALSE,FALSE,FALSE,FALSE,גמיש,לא צויין,,"בית חדש בתחילת בניה בלב המושבה המבוקשת. עורפי ושקט
6 חדרים 
2 יחידות מאסטר (במפלס כניסה עם כניסה נפרדת)
סטנדרט גבוה כולל מטבח בנגרות פרטית
חניה מקורה 

נכס 84937",
זכרון יעקב,דופלקס,6 חד׳,"180 מ""ר",N/A,N/A,חלומות זכרון,3800000,14,קומה 5 מתוך 5,TRUE,TRUE,FALSE,FALSE,משופץ,TRUE,TRUE,TRUE,TRUE,גמיש,לא צויין,,"בחלומות זכרון המבוקשת, מוצע למכירה הדופלקס היפה ביותר בשכונה!
לדופלקס חללי אירוח מפנקים, חדרי גדולים ומרווחים, מרפסות ענקיות עם שפע של אור ואויר לכיוון נוף ירוק ומשגע!
לדופלקס מעלית ל2 הקומות מה שמאפשר גישה נוחה לכל אחד ואחת!
למחפשים נכס ייחודי ומפנק במיקום הכי מבוקש!!!",
זכרון יעקב,דירה,4 חד׳,"98 מ""ר",שרה,221, רמת צבי,2300000,0,קומה 4 מתוך 6,TRUE,FALSE,FALSE,FALSE,חדש מקבלן,TRUE,FALSE,TRUE,TRUE,לא צויין,לא צויין,,"דירה חדשה , תאריך כניסה משוער 30.4 , ממ״ד , חדר ילדים , יחידת הורים עם שירותים ומקלחת , מרפסת 12 מטר פינתית ומטבח יוקרתי . הדירה מגיע ה עם מזגן תדיראן סופרים בכל חדר ובסלון , שיש ציוטלי אבו קיסר ומטבח עם אי",
זכרון יעקב,דירה,2 חד׳,"77 מ""ר",יאיר,1, המושבה,520000,0,קומה 3 מתוך 14,TRUE,FALSE,FALSE,FALSE,משופץ,TRUE,FALSE,FALSE,FALSE,לא צויין,לא צויין,,"נוף ים פמורמי - דירה משופצת ומרוהטת ברמה גבוהה, 2 חדרים של 47 מ״ר + 30 מ״ר מרפסת עם נוף פתוח על השמורה והים. מושכר כרגע עם חוזה לשנה עם אופציה. 5% תשואה. מחיר 650.000שח",
קרית ביאליק,דירה,3,85,קרן היסוד ,79, מרכז העיר,1090000,9,קומה 3 מתוך 3,FALSE,TRUE,FALSE,TRUE,משופץ,TRUE,FALSE,FALSE,FALSE,מיידי,לא ,,ללא מתווך דירה משופצת .מרווחת. מוארת.,
קרית ביאליק,דירה,5,118,יקינתון ,11, גבעת הרקפות,2470000,0,קומה 2 מתוך 6,TRUE,FALSE,TRUE,TRUE,חדש,TRUE,FALSE,TRUE,TRUE,FALSE,לא ,,"בבניין בן 5.5 שנים 11 דירות בלבד קומה 2 מתוך 6 5 חדרים 118 מ״ר + 20 מרפסת חניה כפולה 2 חדרי אמבטיה מטבח סמגל כולל אי מזגן מרכזי במיקום מצוין!
רעות",
קרית ביאליק,דירה,4,90,שבטי ישראל ,, מרכז העיר,1400000,1,קומה 2 מתוך 3,TRUE,TRUE,TRUE,TRUE,משופץ,TRUE,TRUE,TRUE,TRUE,מיידי,לא,,"דירת 4 חדרים מרווחת ויפה , עברה שיפוץ של אינסטלציה שירותים מקלחות וריצוף.קומה 2 מתוך 3 יש חניה ומחסן לדירההבניין עובד עוד חודש פרויקט תמ""א 38 ויהיה ממ""ד + מעלית+ מרפסת שמש 12 מ""ר לדירה דירה חזיתית ויפה.עיסקה מעולה.",
קרית ביאליק,דירה,3,65,תבור ,1, דרום,1100000,5,קומה 1 מתוך 1,FALSE,FALSE,FALSE,FALSE,חדש,TRUE,TRUE,FALSE,FALSE,מיידי,לא,,"בהזדמנות במיקום הטוב ביותר בביאליק דרום ! דירה משופצת מהיסוד ברמה גבוהה ביותר שנמצאת בתהליך התחדשות עירונית שמקדמת עירית ביאליק נמצאת בתהליך מול יזם ! מושכרת ב 3150 ש""חמיקום שצמוד לעוקף קריות וציר אחי אילת .",
קרית ביאליק,דירת גן,3,90,הזית ,19, מרכז העיר,1870000,9,קומה 1 מתוך 1,FALSE,FALSE,FALSE,FALSE,משופץ,TRUE,FALSE,FALSE,FALSE,מיידי,כן,,"מציאה דירת גן 3 חדרים 90 מטר כולל מרפסת שמש ו 95 מטר גינה בטאבו, יש אפשרות לתוספת בנייה באיזור מרכזי בביאליק רחוב פנימי ושקט, קרוב לקריון ולמרכז קניות, מרחק הליכה למטרונית, בתי ספר וגני ילדים קרובים, כל הבית לאחר שיפוץ כולל מרצפות 80/80, מזגנים חדשים, תריסים חשמליים, אינסטלציה, מטבח חדש (גרניט), דלתות פנדור, כולל ארונות מקיר לקיר, מקלחון וחדר רחצה חדשים. (לא למתווכים,דירה פרטית)",
קרית ביאליק,דירה,3.5,95,דן ,33, מרכז העיר,1190000,4,קומה 2 מתוך 3,FALSE,TRUE,FALSE,FALSE,משופץ,TRUE,FALSE,FALSE,FALSE,גמיש,לא,,FALSE,
קרית ביאליק,דירת גג,6,200,הגפן ,22, מרכז העיר,3000000,0,קומה 3 מתוך 3,TRUE,FALSE,TRUE,TRUE,משופץ,TRUE,TRUE,TRUE,TRUE,FALSE,כן,,"סהכ 200 מ״ר ב 2 מפלסים מרווחים ומוארים, קומת האירוח 100 מ״ר סלון, מטבח ושרותי אורחים, 4 כיווני אוויר ללא קיר משותף לשכנים, בניין בוטיק 6 דיירים בלבד, מטופח ומסודר הכולל מעלית, מחסן, מקלט וחניה פרטית",
קרית ביאליק,דירה,4,92,חיים ,52, צור שלום,1310000,0,קומה 5 מתוך 9,TRUE,FALSE,FALSE,TRUE,משופץ,TRUE,FALSE,TRUE,TRUE,FALSE,לא,,"דירה למכירה ללא תיווך משופצת ושמורה מאד ,מזגן בכל חדר ,2 שרותים 2 מקלחות , דירה מרווחת עם יחידת הורים ,ממ""ד מחסן וחניה בטאבו ,בנין מטופח שכנים טובים קרוב לגנים ובתי ספר ,מושכרת , לא בשבת, לא למתווכים !!!",
קרית ביאליק,אחר,1,50,קרן היסוד ,, מרכז העיר,1250000,0,קומה 1 מתוך 1,FALSE,FALSE,FALSE,TRUE,משופץ,TRUE,FALSE,FALSE,TRUE,FALSE,לא,,חנות חד מפלסית חזיתית ברחוב מרכזי,
קרית ביאליק,מיני פנטהאוז,4,125,פטל ,, פרפר,1950000,8,קומה 3 מתוך 8,TRUE,TRUE,FALSE,TRUE,משופץ,TRUE,TRUE,TRUE,FALSE,FALSE,לא,,"דופלקס יפהפה, 4 חדרים מרווחים מאוד3 חדרי שינה במפלס העליון באותו מפלסהבית מושקע ברמה גבוהה",
נתניה,דירה,4,120,שלום עליכם,11,אגמים,3050000,10,קומה 2 מתוך 8,יש מעלית,יש חניה,יש סורגים,אין מחסן,שמור,יש מיזוג אוויר,יש מרפסת,"יש ממ""ד",TRUE,גמיש,ללא,1,"דירת 4 חדרים מרווחת מאוד, כ- 120 מ""ר! שמורה היטב, כמו חדשה. מיקום מעולה, מרחק הליכה מקניון אגמים ומחוף הים. 3 כיווני אוויר, מרפסת כ- 12 מ""ר, 2 חדרי רחצה ו3 שירותים. *ללא תיווך*",
נתניה,דירה,4,105,ליבר זאב,1,קרית השרון,2520000,5,קומה 6 מתוך 7,יש מעלית,יש חניה,אין סורגים,אין מחסן,משופץ,יש מיזוג אוויר,יש מרפסת,"יש ממ""ד",FALSE,מיידי,ללא,1,"למכירה - ללא תיווך!! דירת ארבעה חדרים, קומה 6 מתוך 7. דירה יפה, שמורה ומרווחת. מתוחזקת ומטופחת ברמה גבוהה! בחלק הדרומי של קריית השרון. במיקום הכי מרכזי בקריית השרון, 🎯🎯🎯 מוקפת שלל 📚 בתי ספר יסודיים 📚 וצמודה למתחם 🧸 הגנים 🧸 הכי מוצלח בשכונה! בסמיכות לנעימי, למתנ""ס ולמרכז אלון 🛍️🛍️🛍️ מזגן מיני מרכזי + מזגן נפרד לחדר הורים. חדרי שינה גדולים במיוחד. יחידת הורים ענקית ומרווחת. שני חדרי אמבטיה גדולים, מטבח משודרג ומחודש. דירה עורפית בעלת מרחבים פתוחים ובריזה תמידית 🌬️🌬️🌬️ מרפסת שירות ומרפסת שמש הפונה לכיוון צפון מזרח. רשתות בכל הבית, דלתות פנדור, אמבטיות חדשות! לא למתווכים!!!!",
נתניה,דירה,5,145,חיטמן עוזי,9,עיר ימים,4800000,8,קומה 1 מתוך 1,יש מעלית,אין חניה,אין סורגים,יש מחסן,משופץ,יש מיזוג אוויר,אין מרפסת,"יש ממ""ד",FALSE,גמיש,ניתן להשאיר כחלק מהעסקה:1. ארונות קיר2. וילונות3. ארונות בחדרי השינה במצב מושלם4. פינת אוכל קומפקטית וכסאות5. כסאות בר6. מזנון טלויזיה מותאם על פי מידה7. כל התאורה8. כל מה שיעזור לכניסה חלקה,1,"מפרטי. בקומפלקס יחודי בעיר ימים, עם בריכת שחייה ענקית, שמירה 24/7, מדשאות רחבות ידיים, בריכות נוי, חדר כושר ומועדון דיירים. נוף נצחי לים ולשמורה! דירת 5 חדרים מפנקת ומתוכננת מדהים! סלון, מטבח ופינת אוכל במתחם גדול ופתוח, ארונות קיר ענקיים במסדרון לחובבי האכסון. חימום מים בגז ופיר אשפה, תודו לי אח""כ! במיקום הטוב ביותר בעיר ימים, שקט מאוד, הליכה מהפיאנו, גינות, קניון, גנים ובתי ספר. 2 חניות ומחסןקרא עוד",
נתניה,דירה,3,55,גרינבוים,37,נאות שקד,1580000,4,קומה 2 מתוך 3,יש מעלית,אין חניה,אין סורגים,אין מחסן,משופץ,יש מיזוג אוויר,אין מרפסת,"אין ממ""ד",FALSE,גמיש,לא צויין,1,"מעולה להשקעה! רק 15 דק' הליכה לים! שופצה לפני שנה כולל ריצוף ומטבח קומפלט. כרגע מושכרת. הבניין מאושר להתחדשות עירונית ע""י העירייה. כרגע בשלב בחירת נציגות דיירים",
נתניה,דו משפחתי,5,100,שמואל,32,רמת ידין,2600000,5,קומה 2 מתוך 2,אין מעלית,אין חניה,אין סורגים,יש מחסן,שמור,יש מיזוג אוויר,אין מרפסת,"אין ממ""ד",FALSE,גמיש,לא צויין,4,דו-משפחתי 4 שכנים נוחים ושקטים. בית 5 חדרים 100 מטר בנוי+ גג 70 מטר. קומה שניה עם גינה קידמית. בבית נשארים מזגנים ומחסנים (מחסן בנוי בגינה ומחסן כתר גדול בגג). הבית רשום בטאבו *לא בשבת* *ללא תיווך*,
נתניה,דירה,3,65,טהון יהושע,16,מרכז העיר צפון,1980000,3,קומה 1 מתוך 4,אין מעלית,אין חניה,יש סורגים,אין מחסן,משופץ,יש מיזוג אוויר,אין מרפסת,"אין ממ""ד",FALSE,07/2024,חלקי,4,"מתווכים- נא לא להתקשר. קומה ראשונה, משופצת, ממוזגת, בתהליך פינוי בינוי, אינסלציה חדשה, דודשמש חדש, מערכת חשמל חדשה",
נתניה,דירה,5,140,עמית מאיר,8,רמת חן,2890000,4,קומה 7 מתוך 12,יש מעלית,יש חניה,אין סורגים,יש מחסן,משופץ,יש מיזוג אוויר,יש מרפסת,"יש ממ""ד",FALSE,מיידי,לא צויין,7,למכירה : דירה 5 חדרים - בניין חדש כיוונים דרום מזרח מחסן צמוד לדירה עם חלון 3x3 קומה 7 חניה ומרפסת מטבח משודרג 125 מטר + מרפסת 15 מ״ר נוף יפה ופתוח 2 חניות צמודות בודדות כתובת: עמית מאיר 6 נתניה ללא תווך,
נתניה,דירה,4,108,אשר,12,קרית השרון,2770000,5,קומה 1 מתוך 7,יש מעלית,יש חניה,יש סורגים,אין מחסן,משופץ,יש מיזוג אוויר,יש מרפסת,"יש ממ""ד",FALSE,גמיש,חלקי,7,דירה עורפית פונה לגן שעשועים דלתות חדשות בכל הדירה רשתות וסורגים בכל החלונות 2 חניות רישום בטאבו ללא תיווך,
נתניה,דופלקס,5,126,ראשון לציון,24,רצועת המלונות,2940000,6,קומה 7 מתוך 7,יש מעלית,יש חניה,אין סורגים,אין מחסן,שמור,יש מיזוג אוויר,יש מרפסת,"אין ממ""ד",FALSE,מיידי,ללא,8,"מפרטי - דירה חלומית עם נוף לים, דופלקס גג ברחוב שקט ומבוקש, 5 דקות הליכה לים, לטיילת ולכיכר העצמאות. בקומה הראשונה סלון מרווח, מטבח, פינת אוכל ושלושה חדרי שינה, שני חדרי אמבטיה (אחד צמוד לחדר). בקומה השניה חדרון עם יציאה לגג, וסוויטת הורים עם שירותים ומקלחת. מרפסת הגג כ 70 מ""ר עם זכויות בניה, נכס נדיר ומיוחד!",
נתניה,דירה,5,141,ברוש,7,קרית השרון,3300000,6,קומה 2 מתוך 14,יש מעלית,יש חניה,יש סורגים,יש מחסן,משופץ,יש מיזוג אוויר,יש מרפסת,"יש ממ""ד",TRUE,גמיש,המחיר גמיש פתוח להצעות בהתאם לפינוי,3,"5 חדרים למכירה בברוש נוף פתוח דירה מסודרת 2 חניות מטבח יוקרתי ,מחסן 8 מטר. מזגן מיני מרכזי למהירי החלטה *****המחיר גמיש פתוח להצעות בהתאם לפינוי****",
חיפה,דירה,4 חד׳,"74 מ""ר",החשמל,13,נוה פז,1100000,0,קומת קרקע,FALSE,FALSE,TRUE,FALSE,שמור,TRUE,FALSE,FALSE,FALSE,לא צויין,לא צויין,,דירה מעולה למשקיעים או למגורים ניתן לחלק,
חיפה,דירת גן,5 חד׳,"225 מ""ר",שמשון,35,אחוזה,3260000,10,קומת קרקע,TRUE,FALSE,FALSE,FALSE,חדש,TRUE,TRUE,TRUE,TRUE,מיידי,חלקי,,"מפרטי, ללא תיווך, באחוזה, נדירה - דירת גן בת 5 חדרים, מהממת, חדשה, ללא מדרגות, בעיצוב עכשווי, בבניין חדש עם לובי מפואר. בשכונה מבוקשת בסמיכות לבתי ספר וגנים ולה נגישות גבוהה.
הדירה בשטח בנוי של 130 מ""ר + 90 מ""ר גינה + מרפסת מקורה צמודה ליחידת הורים בשטח של 5 מ""ר, לדירה צמודה חניה פתוחה לצד הדירה.
לדירה יחידת הורים גדולה עם יציאה למרפסת, 3 כיווני אוויר, מפרט עשיר ורמת גימור גבוהה לרבות: ח",
חיפה,דירה,4 חד׳,"80 מ""ר",בורלא,,רמות רמז,1200000,2,קומה 8,FALSE,FALSE,FALSE,FALSE,ישן,TRUE,FALSE,FALSE,FALSE,לא צויין,לא צויין,,"בבלעדיות משרדנו
דירת 4חדרים פלוס מרפסת סגורה.
בקרבת הטכניון והאוניברסיטה.
נוף ים מרהיב
מעלית
אפשרות לשכירות עוברת
כבירי & רייזברג יעוץ נדלן משכנתאות ופיננסי
משרדנו :מוריה 30 חיפה",
חיפה,פנטהאוז,5 חד׳,"124 מ""ר",בשכונת,,,3980000,4,קומה 7 מתוך 7,TRUE,FALSE,TRUE,TRUE,חדש מקבלן,TRUE,TRUE,TRUE,TRUE,01/2024,לא צויין,,"למכירה בפרויקט חדש ומרשים! פנטהאוז יוקרתי, שטוח ומפנק במיקום מרכזי שקרוב להכל ברגל. 5 חדרים כ- 124 מ""ר שטוח + מרפסת כ- 22 מ""ר מהסלון לתוך נוף ים פתוח. 2 חניות, ממ""ד, נגישות מלאה במעלית, יחידת הורים ומחסן. קרוב למרכז חורב, בתי קפה, מסעדות בתי ספר ותחבורה ציבורית. לפרטים נוספים חייגו אלינו - מירב שרביט נדל""ן. כתובת משרדנו - שדרות מוריה 30, חיפה.",
חיפה,דירת גן,5 חד׳,"286 מ""ר",חורב,43,גבעת דאונס,3300000,13,קומה 1 מתוך 6,TRUE,FALSE,FALSE,TRUE,חדש מקבלן,TRUE,FALSE,TRUE,TRUE,מיידי,ללא,,"למכירה מפרטי, ללא תיווך! 
♦️דירת גן 5 חדרים, חדשה לגמרי, יפייפיה ומשודרגת.
♦️דירה יחידה בקומה, מרווחת ומוארת.
♦️בבניין בוטיק חדש ומפואר לאחר פינוי בינוי.
♦️121 מטר בנוי
♦️ 165 מטר גינה בטאבו (יציאות לגינה- מהסלון ומהמטבח). 
♦️נגישות מלאה, ללא מדרגות מהחניה. 
♦️בלב אחוזה, מרחק הליכה ברגל ממרכז חורב.
♦️יחידת הורים מפוארת, ממ""ד, חדרון מזווה, דוד שמש+ דוד חשמלי.
♦️חניה בחניון תת קרקעי ומחסן.
♦️מחיר אטרקטיבי לאזור.",
חיפה,דירה,3 חד׳,"81 מ""ר",בצלאל,15,גאולה,1170000,11,קומת קרקע,FALSE,FALSE,FALSE,FALSE,משופץ,TRUE,TRUE,FALSE,FALSE,גמיש,ללא,,"2 5 6 3 3 3 3 3 5 0 טלפון לפרטים
מתווכים בבקשה לא להתקשר 
דירה 3 חדרים עם גינה לא בטאבו שופצה לפני 3 שנים...",
חיפה,פנטהאוז,5 חד׳,"140 מ""ר",בשכונת,,,4800000,4,קומה 6 מתוך 6,TRUE,FALSE,TRUE,TRUE,חדש מקבלן,TRUE,TRUE,TRUE,TRUE,01/2024,לא צויין,,"למכירה בפרויקט חדש ומרשים! פנטהאוז יוקרתי, שטוח ומפנק במיקום מרכזי שקרוב להכל ברגל. 5 חדרים, אפשרי להפוך ל 6 או לעשות קליניקה נפרדת. כ- 140 מ""ר שטוח + מרפסת כ- 52 מ""ר מהסלון לתוך נוף ים פתוח. 2 חניות, ממ""ד, נגישות מלאה במעלית, יחידת הורים ומחסן. קרוב למרכז חורב, בתי קפה, מסעדות בתי ספר ותחבורה ציבורית. לפרטים נוספים חייגו אלינו - מירב שרביט נדל""ן. כתובת משרדנו - שדר",
חיפה,דירה,7 חד׳,"180 מ""ר",בשכונת,,,3300000,3,קומה 2 מתוך 6,TRUE,FALSE,TRUE,TRUE,חדש מקבלן,TRUE,TRUE,TRUE,TRUE,02/2024,לא צויין,,"למכירה בפרויקט חדש ומרשים! דירה ענקית ומלאת פוטנציאל. במיקום מרכזי שקרוב להכל ברגל. כ- 180 מ""ר דו מפלסית + מרפסת כ- 14 מ""ר מהסלון. 7 חדרים עם אפשרות להפריד ליחידת דיור/ קליניקה בכניסה נפרדת. 2 חניות מקורות, ממ""ד, נגישות מלאה במעלית, יחידת הורים ומחסן. קרוב למרכז חורב, בתי קפה, מסעדות בתי ספר ותחבורה ציבורית.  *התמונה להמחשה בלבד!!* לפרטים נוספים חייגו אלינו - מירב שרביט נדל""ן. כתובת משרדנו - שדרות מוריה 30, חיפה",
חיפה,דירה,5 חד׳,"100 מ""ר",זייד אלכסנדר,50,קרית חיים מזרחית,1450000,4,קומה 2 מתוך 3,FALSE,FALSE,FALSE,TRUE,משופץ,TRUE,TRUE,FALSE,FALSE,גמיש,חלקי,,"למכירה ברחוב אלכסנדר זייד המבוקש בק. חיים מזרחית , 
דירת 5 חדרים כ- 100 מ״ר בנוי+ חדר ארונות קטן + מרפסת מקורה של כ- 12 מ״ר .
 3 כיווני אוויר מערב, דרום ומזרח . קומה 2/3 מחסן וחניה .   6 דיירים בבניין.  
דוד שמש חדש, מזגן מיני מרכזי+מזגן בכל חדר+מאוורר תק",
חיפה,דירה,3.5 חד׳,"100 מ""ר",הלל,36,הדר הכרמל,1195000,4,קומה 3 מתוך 3,FALSE,FALSE,TRUE,FALSE,משופץ,TRUE,TRUE,FALSE,FALSE,11/2022,חלקי,,,
חיפה,דירת גן,4 חד׳,עסקאות באיזור (1000),בשכונת רמות,,,1150000,0,קומה 2 מתוך 3,FALSE,FALSE,FALSE,FALSE,משופץ,TRUE,TRUE,FALSE,FALSE,מיידי,לא צויין,,"בקרבת הטכניון והאוניברסיטה, דירה מחולקת לשתי דירות, הדירות משופצות ומושכרות, יש יציאה לגינה- לא בטאבו, תשואה של 4000 ש״ח לחודש. אפשר לקבל יותר..
לפרטים נוספים ותמונות: קרן כהן",
חיפה,דירת גן,4.5 חד׳,"100 מ""ר","נעמ""ת",7,אחוזה,2250000,8,קומה 1 מתוך 3,FALSE,FALSE,FALSE,TRUE,שמור,FALSE,TRUE,FALSE,TRUE,גמיש,לא צויין,,"דירת 4.5 חדרים כ-100 מ""רגינה 54 מ""ר + מרפסת 10 מ״רחניה ומחסן בטאבו!נוף ירוק ופתוח מהמרפסתבמצב שמור, נגישות נוחה בנין בוטיקבמיקום מרכזי ובקרבת בית ספר וגני ילדים",
חיפה,פנטהאוז,4 חד׳,"125 מ""ר",רציף פנחס,33,בת גלים,4400000,10,קומה 5 מתוך 5,TRUE,FALSE,FALSE,TRUE,שמור,TRUE,TRUE,TRUE,FALSE,גמיש,לא צויין,,"דירת גג דופלקס (קומות 4 ו- 5) כ- 90 מ""ר בבנין חדש על הטיילת של בת-גלים. קו ראשון לים. 4 כיווני אוויר. מרפסת ענקית כ- 35 מ""ר. נוף מרהיב ללא הפרעה של ים וכרמל מכל מרפסת וחלון. כמו אפשר להושיט יד ולגעת במים. מחסן. 
הבניין נמנה על 10 הבתים היפים ביותר בחיפה - https://www.colbonews.co.il/magazine/54619/.
בקרבת חוף הרחצה המוסדר, תחנת הרכבת, בי""ח רמב""ם ובי""ס לרפואה. 
אם אינני זמין בבקשה שלחו הודעת וואטסאפ ואחזור אליכם.",
חיפה,דירת גג,3.5 חד׳,"78 מ""ר",פבזנר,29,הדר הכרמל,2050000,10,קומה 9 מתוך 9,TRUE,FALSE,FALSE,TRUE,חדש,TRUE,FALSE,TRUE,TRUE,מיידי,לא צויין,,"*לא למתווחים אז בבקשה מתווחים לא להתקשר * דירת פנטהאוז שתי קומות מדהימה כרגע מושכרת ב4000 ש""ח לחודש 78 מטר שתי חדרי שירותים נוף מדהים למפרץ חיפה ישנה סיפרה מעוצבת עם סולם מתגלגל הדירה עוצבה על ידי מעצבת פנים אם לא עניתי אני זמין בווטסאפ בכל שעה",
הוד-השרון,מגרש,-,125,הנחל,13,גיל עמל,369000,1,,no,no,no,no,None,no,no,no,FALSE,מיידי,None,-,למכירה קרקע בהוד השרון בצמרות הפארק - שביל התפוזים. תוכנית המתאר לעיר אושרה על ידי הוועדה המחוזית למתן תוקף! יש הסכם שיתוף בין הבעלים שמאפשר קבלת היתר ובנייה מהירה יותר. פוטנציאל עליית ערך ענקית (הרבה יותר מדירות). שטח של 125 בגוש 6657 חלקה 25 פרטי בטאבו! הקרקע נרשמת באופן פרטי על הקונה,
הוד-השרון,דו משפחתי,6,300,ביאליק,-,רמתיים,7900000,14,קומת קרקע,no,yes,no,yes,חדש,yes,no,yes,FALSE,גמיש,None,-,"במערב העיר ברחוב שקט וללא מוצא קוטג מדהים ומתוכנן בקפידה , מרתף כיחידה נפרדת עם כניסה נפרדת היכול לשמש כמשרד/ יחידה לילד מתבגר / יחידה מניבה ועוד...גינה מושקעת ומטופחת , 2 מאסטרים בקומה השנייה עם שירותים ומלחת ,אינספור נקודות חשמל ותקשורת , עצי פרי בגינה, קמין גז ועוד....",
הוד-השרון,דירה,4,118,הגאולה,18,רמתיים,3300000,0,קומה 2 מתוך 6,no,no,yes,no,משופץ,no,no,no,FALSE,None,"מטבח כחדש בצבע לבן , מזגן חדש בסלון, ארונות , חדר רחצה גדול רחב לאחר שיפוץ , כל הבית פרקט איכותי .",-,"דירה במרכז הוד השרון, ברחוב שקט. המרפסת פונה לשדרה ירוקה. משופצת, חנייה מקורה רחבה מאוד. 3 כיווני אוויר. צפון, דרום, מזרח",
הוד-השרון,דו משפחתי,7,300,משושים,9,רמת הדר,9380000,19,קומת קרקע,no,no,no,no,חדש,yes,yes,yes,FALSE,מיידי,None,-,"מפרטי ללא תיווך!! למביני עניין שאוהבים את החיים הטובים במיקום הכי טוב, איכות חיים ויוקרה, הכל במרחק נגיעה (פארק 4,בי״ס,גני ילדים,ספורטן, קניון). עיצוב אדריכלי מוקפד-להיכנס עם המזוודות. הכל באיכות הגבוהה ביותר. תקרות גבוהות, יחידת הורים ענקית, מרתף עילי גדול כיחידה נפרדת. גינה יפנית מעוצבת עם 2 אזורי אירוח וג״קוזי חיצוני. בית עם הווי משפחתי והרבה מזל. למי שמחפש איכות, אלגנטיות ותמורה מלאה להשקעהקרא עוד",
הוד-השרון,בית פרטי,6,200,הדר,-,-,13500000,15,קומת קרקע,no,yes,no,no,שמור,yes,yes,yes,TRUE,גמיש,None,-,"נדיר! נדיר! במיקום חלומי ברחוב שקט בלב שכונת הדר, בית מהמם ומושקע במפלס אחד. חצר קסומה, גדולה ומטופחת. 2 מאסטרים, פרקט עץ טיק בורמזי. מיזוג מרכזי חכם. אטמור מרכזי + חימום גז. אופציה לבריכת שחייה. זכויות בנייה נוספות לבית הקיים ואופציה לבית נוסף.",
הוד-השרון,דו משפחתי,6,330,הפרדס,-,הדר,8200000,7,,no,yes,no,yes,חדש,yes,yes,yes,FALSE,גמיש,None,-,"חדש בשוק!!! במיקום מושלם בהדרמרחק דקה הליכה מהפארקמגרש 340מ""ר בנוי 330מ""ר בנוי ברמה גבוהה,בתכנון מושלם, עיצוב אדריכלי. 5 חד'(לא כולל המרתף) קומת כניסה חלל אירוח פתוח ומפואר. מטבח פתוח עם המון ארונות אחסון. כניסה נוספת למטבח מהחניה.קומה עליונה 3 חדרי שינה גדולים כולל חדר הורים מלא. יח' מתבגר בעליית גג עם מרפסת. מרתף מואר 110מר 3 חד' יכול לשמש כ יח דיור.",
הוד-השרון,בית פרטי,6,318,רמות מנחם,-,-,8880000,26,קומת קרקע,no,yes,no,no,משופץ,yes,no,yes,TRUE,None,None,-,"חדש למכירה בבלעדיות!! בית פרטי בודד בשכונת רמות מנחם, מערב הוד השרון 6 חד' ( ניתן להפוך ל7 חד') 318 מ""ר בנוי על 330 מ""ר מגרש 3 מפלסים: קומת הכניסה 125 מ""ר: סלון ענק, פינת אוכל, מטבח עם אי, מזווה/שרות גדול ובכניסה לבית ממד ובצמוד אליו שירותים ומקלחת קומה עליונה 125 מ""ר: 4 חדרי שינה כולל יחידת הורים גדול מאוד וחלל גדול שניתן להוסיף חדר עם חלון. קומת המרתף 50 מ""ר: גבוהה במיוחד, עם סלון, חדר שינה, מטבח, פינת אוכל, שירותים, מקלחת, ומחסן. 2 חניות מקורות עם שער חשמלי.",
הוד-השרון,דירה,5,135,הפרדס,-,הדר,4790000,5,קומה 5 מתוך 24,yes,yes,no,yes,שמור,yes,yes,yes,TRUE,גמיש,None,-,"נכס מספר: 25146, במתחם הכי יוקרתי בעיר, דירת 5 חד׳ בציר החינוך, רישום מידי בטאבו. מגדלי פאר במערב העיר, צמוד לפארק ולקאנטרי. חניה כפולה, מחסן, מרפסת שמש גדולה. הבניה בעיצומה",
הוד-השרון,דירה,4,-,האודם,-,גרינפארק,3490000,0,קומה 5 מתוך 18,yes,yes,no,yes,חדש,yes,yes,yes,TRUE,מיידי,None,-,"4 חדרים משודרגת בגרין פארק החדשה , חניה , מחסן , ממ""ד , מ,שמש , מומלצת בחום למבינים ומהירי החלטה !!!",
הוד-השרון,דירה,5,-,האלון,-,הדר,3365000,3,קומה 3 מתוך 6,yes,no,no,yes,שמור,yes,yes,yes,TRUE,מיידי,None,-,"בבניין בוטיק איכותי אחרי תמ""א, מוארת ויפה בשכונה שקטה. קרוב למוסדות חינוך, סופרסל, קופות חולים, תחבורה ציבורי ת, מסעדות ובתי קפה.",
הוד-השרון,דירה,5,130,גרינברג,-,-,5400000,15,קומה 1 מתוך 3,yes,yes,no,yes,חדש,yes,yes,yes,TRUE,None,None,-,"במיקום הכי מבוקש! בשכונת גרינברג, ברח' ללא מוצא, בבניין בוטיק, דירת 5 חד' נדירה!!! דירה מהממת, מושקעת ביותר! מרפסת שמש גדולה עם נוף מדהים לפארק 4 העונות. מטבח מושקע מנגרות פרטית עם שפע איחסון. יח' הורים מפנקת. מז""א. 2 חניות ומחסן של כ-12 מ""ר.",
הוד-השרון,דירה,5,132,בן גמלא יהושע,-,מרכז העיר,4180000,7,קומה 5 מתוך 17,yes,yes,no,yes,משופץ,yes,yes,yes,TRUE,45139,None,-,"נכס מספר: 51241, דירת 5 חדרים מרווחת במיקום מעולה !אזור מרכזי ונוח בסמיכות למסעדות פסטה מיה, לנדוור, גולדה סופרפארם ועוד. חדרים גדולים ומוארים. מרפסת שירות נוחה וגדולה. מזווה פרקטי וחכם. ממ""ד, חניה ומחסן. חדר דיירים ענק בקומת הקרקע. חדר אופניים.גינת ילדים צמודה ונוחה. בניין נהדר ברחוב שקט אחורי. גני ילדים נהדרים וביה""ס האנתרופוסופי מעבר לכביש. בי""ס רעות במרחק הליכה של 5 דק",
הוד-השרון,דירה,3,100,הדרור,24,הדר,2970000,3,קומה 1 מתוך 5,yes,yes,yes,no,משופץ,yes,no,no,TRUE,45413,מלא,-,"ללא תיווך! למכירה דירת 3 חדרים מרווחת מאוד, קומה 1 מתוך 5, רחוב שקט ללא מוצא. בצמוד לפארק השחר, גני ילדים ובתי הספר. מזגן מיני מרכזי, שליטה בכל חדר. חניה מרווחת בטאבו. מעלית",
הוד-השרון,דירה,4,112,הנחל,4,גיל עמל,3050000,0,קומה 1 מתוך 5,yes,no,no,yes,None,yes,no,yes,TRUE,None,None,-,"לגור בעיר ולהרגיש בכפר! דירה מקסימה, מרווחת ומוארת כוללת סלון, מטבח עם בר ופינת אוכל, יחידת הורים עם חדר ארונות, שירותים/מקלחת ועוד 2 חדרי שינה וחדר אמבטיה משפחתית ענקית! נוף ירוק מכל חלון ומרפסת 12מ' משקיפה על הנחל והשדות! דוד שמש/חשמלי חכם, תריסים חשמלים, מזגן מיני מרכזי. יציאות מהירות לכבישים 5/6/531. דקה הליכה מחנויות, מסעדות, פארק וגני הילדיםקרא עוד",
פתח תקווה,דירה,4,127,דנקנר מאיר ,3, נווה גן,3620000,קומה 1 מתוך 28,קומה 5,יש מעלית,יש חנייה,אין סורגים,יש מחסן,משופץ,יש מיזוג אוויר,יש מרפסת,"יש ממ""ד",TRUE,גמיש,ללא,,אין,
פתח תקווה,דירה,5,124,סנה משה ,None, אם המושבות החדשה,3420000,קומה 15 מתוך 20,קומה 8,יש מעלית,יש חנייה,אין סורגים,אין מחסן,שמור,אין מיזוג אויר,יש מרפסת,"יש ממ""ד",TRUE,גמיש,לא צויין,,אין,
פתח תקווה,דירה,4,86,טרומפלדור ,None, כפר גנים א,2140000,קומה 2 מתוך 7,קומה 5,יש מעלית,יש חנייה,אין סורגים,יש מחסן,שמור,אין מיזוג אויר,יש מרפסת,"יש ממ""ד",TRUE,לא צויין,לא צויין,,"בכפר גנים א' המבוקש,דירת 4 חדרים עם מרפסת שמש מפנקת וממ""דחניה תת- קרקעית ומחסן ענק בטאבו.הבניין עובר בימים אלה חידוש ושיפוץ חיצוני (העלויות כבר שולמו ע""י בעלי הנכס),מתאימה למגורים והשקעה כאחד.נמצאת בקרבה למרכזי קניות, בתי ספר, בתי כנסת, גני ילדים ושירותים קהילתיים נוספים.",
פתח תקווה,פנטהאוז,6,160,גיסין אבשלום ,23, נווה גן,4800000,קומה 5 מתוך 9,קומה 5,יש מעלית,יש חנייה,יש סורגים,יש מחסן,שמור,יש מיזוג אוויר,יש מרפסת,"יש ממ""ד",TRUE,גמיש,לא צויין,,"דירה חדשה בפרויקט היוקרתי של ""קטה"" נווה גן צפון  , בנויה בסטנדרט בניה גבוה, כולל מחסן צמוד וחניה מקורה, יחידת הורים עם חדר ארונות מזגן מרכזי פלוס יחידה בחדר הורים דירה עם נוף מטורף שווה במיוחד!!!",
פתח תקווה,דירה,4,110,סנה משה ,35, אם המושבות החדשה,3160000,קומה 6 מתוך 9,קומה 0,יש מעלית,אין חניה,אין סורגים,יש מחסן,שמור,יש מיזוג אוויר,אין מרפסת,"יש ממ""ד",FALSE,לא צויין,לא צויין,," דירת 4 חדרים במיקום מרכזי באם המושבות החדשה. דירה מרווחת 110 מ״ר + מרפסת 12 מ״ר. עם נוף לפארק. מיזוג מיני מרכזי, מטבח ענק עם אי גדול. חניה מקורה ומחסן בקומה. בניין מטופח עם חדר דיירים ענק וחדר אופניים",
פתח תקווה,דירה,3,55,טבריה ,None, עמישב,1785000,קרקע,קומה 5,אין מעלית,אין חניה,יש סורגים,אין מחסן,משופץ,יש מיזוג אוויר,אין מרפסת,"אין ממ""ד",FALSE,גמיש,לא צויין,,"למשקיעים ולזוגות צעירים זו ההזדמנות שלכם לשכפל את הכסף שלכם,חדשה בשוק!!!דירת 3 חד' משופצת מהיסוד ברחוב טבריה המבוקש בבנין שאמור לעבור בשנים הקרובות פינוי בינוי(מדברים על זה מאוד מאוד רציני יש חברות במשא ומתן) הדירה בקומת קרקע יש חצר לדירה אבל לא בטאבו,בנין עם שכנים טובים",
פתח תקווה,דירה,6,152,ראשון לציון ,None, אם המושבות החדשה,4290000,קומה 3 מתוך 18,קומה 5,יש מעלית,יש חנייה,יש סורגים,יש מחסן,משופץ,יש מיזוג אוויר,יש מרפסת,"יש ממ""ד",TRUE,גמיש,לא צויין,,"למכירה ברחוב ראשון לציון באם במושבות פ""ת, דירת 6 חדרים גדולה ומרווחת בבניין בן 3 שנים! 20 מ""ר של מרפסת ענקית, 2 חניות מקבילות תת קרקעיות, מחסן פרטי צמוד לדירה, 3 חדרי שרותים, 2 חדרי רחצה, בניין חדש ומפואר במיקום מצויין",
פתח תקווה,דירה,5,140,אחד העם ,21, המרכז השקט,2590000,קומה 4 מתוך 6,קומה 2,יש מעלית,יש חנייה,יש סורגים,אין מחסן,שמור,יש מיזוג אוויר,אין מרפסת,"אין ממ""ד",TRUE,מיידי,חלקי,,"יחידה בקומה נוף פתוח לשפירא הירוק מבט עד אלעד וראש העין. פינתית 3 חזיתות 4 כיווני אויר סלון גדול ורחב + פינת אוכל כחדר + מטבח כחדר 136 מ בארנונה מרווחת מאד אפשר להפוך ל6 חד ויותר חימום מים גם בגז אין מדרגות מהרחוב. מזגנים בסלןן בחדרים ובמטבח יפה שקטה ומיוחדת מרחק הליכה מכל המסחר והשרותים של מרכז העיר קרובה מאד לבתי ספר ת""ת בתי כנסת. בקיצור אין דברים כאלו",
פתח תקווה,דירה,5,100,חפץ חיים ,65, המרכז השקט,2320000,קומה 4 מתוך 5 ,קומה 5,יש מעלית,יש חנייה,אין סורגים,אין מחסן,משופץ,יש מיזוג אוויר,אין מרפסת,"יש ממ""ד",FALSE,גמיש,לא צויין,,אין,
פתח תקווה,דירה,4,102,דרך בגין מנחם ,69, הדר גנים,2950000,קומה 14 מתוך 14,קומה 13,יש מעלית,יש חנייה,יש סורגים,יש מחסן,חדש,יש מיזוג אוויר,יש מרפסת,"יש ממ""ד",TRUE,גמיש,מלא,,"למכירה בבניין מגדלי אורבניקה. דירת 4 חדרים בגודל 102 מ""ר עם נוף פתוח. מרפסת שמש סוכה בגודל 13 מ""ר. מטבח מחברת סמל. יחידת הורים. ממ""ד. חדר שירות. מיזוג מרכזי של אלקטרה. סורגים של חברת טרילידור. רשתות שקופים בכל החלונות. הגבהת מעקה במרפסת. חניה. מחסן. דלתות פנדור. דוד חשמל ודוד שמש. הדירה נמצאת במיקום מצוין. שוכנת ליד בתי ספר, גני ילדים, בתי כנסת, מקוואות, מרכז מסחרי, תחבורה ציבורית, יציאה וכניסה קרובה לשכונה. כל תכולת הבית נשארת!!! רק להגיע עם מזוודות!!! ללא תיווך",
פתח תקווה,דירה,5,130,כצנלסון אהרון ,21, נווה גן,3490000,קומה 3 מתוך 4,קומה 5,יש מעלית,יש חנייה,יש סורגים,יש מחסן,שמור,יש מיזוג אוויר,יש מרפסת,"יש ממ""ד",TRUE,מיידי,חלקי,,"ללא תיווך. דירת 5 חדרים מרווחת מאוד בבניין בוטיק בנווה גן. כולל מחסן עם כניסה נפרדת וחלון צמוד לדירה, מרפסת ושתי חניות. 5 דקות הליכה מתחנת הרכבת הקלה שנפתחת בעוד חודש. במיקום הכי אטרקטיבי במרכז השכונה. כיוונים מושלמים - דרום ומערב. דירה מוארת ושקטה. 3 חדרי שירותים, דוד שמש, מיזוג מרכזי, סורגים ורשתות בכל הבית, פינת אוכל נפרדת וגדולה, יחידת מתבגר, בניין בוטיק בן 8 קומות עם 2 מעליות. לא בשבת.",
פתח תקווה,דירה,3,70,חזון איש ,None, קריית חזני,2050000,קומה 3 מתוך 4,קומה 11,יש מעלית,אין חניה,אין סורגים,אין מחסן,משופץ,יש מיזוג אוויר,אין מרפסת,"אין ממ""ד",TRUE,גמיש,לא צויין,,"דירת 3 חד' מקסימה ומוארת כ-70 מ""ר משופצת מהיסוד מלפני כ8 שנים. כולל החלפת צנרת, חשמל, חלונות. קומה 3 מתוך 4 עם מעלית וחניה משותפת בבניין. קוב לכניסה/יציאה לפ""ת, כביש 40, מרכזי קניות , בתי ספר וגני ילדים. פוטנציאל השבחה : התחילו חתימות לתהליך פינוי בינוי (שלב התחלתי) מעולה להשקעה/מגורים ! ",
תל-אביב-יפו-ישראל,דירה,4.5,"90 מ""ר",עזה,5,מרכז יפו,3800000,0,קומה 1 מתוך 3,אין מעלית,אין חניה,יש סורגים,אין מחסן,משופץ,יש מיזוג אויר,אין מרפסת,אין ממ״ד,FALSE,לא צויין,ללא,לפני יום,"למכירה ליד האקדמית יפו דירה להשקעה, קומה ראשונה, דירה 1: סלון, מטבח, חדר שינה, שירותים מקלחון. משופצת, ממוזגת, דוד שמש, כיוון אוויר אחד. דירה 2: סלון+ מטבח חדש , חדר שינה מאסטר , משופצת, ממוזגת , דוד שמש , 2 כיווני אוויר :צפון + מערב. כניסה מיידית !",
תל-אביב-יפו-ישראל,דירה,3,"75 מ""ר",טאגור רבינדרנארט,61,נוה אביבים,3750000,8,קומה 1 מתוך 8,יש מעלית,יש חנייה,אין סורגים,אין מחסן,משופץ,יש מיזוג אויר,אין מרפסת,אין ממ״ד,TRUE,45261,חלקי,לפני יום,"ברחוב טאגור 61 ת""א (נווה אביבים)
(פינת חיים לבנון 85)
 3 חדרים. 
 75 מ""ר.
 קומה 1 (מתוך 8), עם 2 מעליות. 
 חניה בטאבו (פתוחה).
 משופצת קומפלט מלפני 5 שנים. (שיפוץ הכולל: חשמל, כלים סניטריים, מטבח).
 2 חדרי שירותים.
 2 כ""א : (דרום, מערב).
 בנין שמור ומטופח משנת 1970. בבנין פיר אשפה קומתי, חימום מים 24/7 ומחסן אופניים משותף לדיירים.
 במיקום מעולה. 
 קרובה למוסדות חינוך ולאוניברסיטה, תחבורה ציבורית בשפע ומרכזי קניות - במרחק הליכה מקניון רמת אביב.
 מצויינת להשקעה ולמגורים.
 פינוי : 31/12/2023.",
תל-אביב-יפו-ישראל,דירה,3,"60 מ""ר",נוה שאנן,8,נוה שאנן,2600000,0,קומה 2 מתוך 4,אין מעלית,אין חניה,אין סורגים,אין מחסן,שמור,אין מיזוג אויר,אין מרפסת,אין ממ״ד,FALSE,גמיש,ללא,חדש,"נווה שאנן, בצד הקרוב לרוטשיילד, בשדרה של נווה שאנן, מושכרת,  מרכז תל אביב , הדירה במצב טוב, מתוחזקת, מעולה להשקעה.
הדירה לא בבניינים החדשים אבל זה בטח יקרה בקרוב , יש התנהלות של הבניינים הסמוכים ביחד עם הבניין, לפינוי בינוי.
לא למתווכים",
תל-אביב-יפו-ישראל,בית פרטי,3,"120 מ""ר",צהלה,,צהלה,11000000,0,קומת קרקע,אין מעלית,יש חנייה,אין סורגים,אין מחסן,ישן,אין מיזוג אויר,אין מרפסת,אין ממ״ד,FALSE,מיידי,ללא,חדש!,"בשכונת צהלה המבוקשת..
מגרש  גדול... בית פרטי .... גינה גדולה ועורפית ...
כניסה מיידית !!!",
תל-אביב-יפו-ישראל,קוטג',6,,נאות אפקה ב,,נאות אפקה ב,7900000,0,קומת קרקע,אין מעלית,אין חניה,אין סורגים,אין מחסן,משופץ,אין מיזוג אויר,אין מרפסת,אין ממ״ד,FALSE,גמיש,ללא,לפני 6 ימים,"בנאות אפקה ב'
במיקום שקט במיוחד
קוטג' מקסים ומשופץ 5 חדרים..
אפשרות לשלוח מצגת של הבית לכל דורש !!!
מומלץ לראות !!",
תל-אביב-יפו-ישראל,דירה,2.5,"55 מ""ר",קהילת קנדה,20,יפו ד,1860000,4,קומה 2 מתוך 4,יש מעלית,יש חנייה,יש סורגים,יש מחסן,משופץ,יש מיזוג אויר,יש מרפסת,יש ממ״ד,TRUE,גמיש,ללא,חדש!,מתווכים נא לא ליצור קשר לא מעוניין ...!!! למי שמכיר את האזור פרוייקט פינוי בינוי שקיבל היתר בניה יוצא לדרך בשנה הקרובה . מקבלים דירה חדשה ודמי שכירות עד קבלת המפתח. בניין מפואר 4 חדרים 90 מטר + חניה ומחסן ומרפסת 12 מטר בערך . אזור מתפתח בצמוד לרכבת הקלה,
תל-אביב-יפו-ישראל,דירה,4,"116 מ""ר",ברנדיס,9,הצפון החדש החלק הצפוני,7000000,2,קומה 1 מתוך 5,יש מעלית,יש חנייה,אין סורגים,אין מחסן,משופץ,יש מיזוג אויר,יש מרפסת,יש ממ״ד,FALSE,גמיש,ללא,חדש!,,
תל-אביב-יפו-ישראל,דירה,5,"135 מ""ר",נאות אפקה א,,נאות אפקה א,4590000,1,קומה 3 מתוך 6,אין מעלית,יש חנייה,אין סורגים,אין מחסן,שמור,אין מיזוג אויר,אין מרפסת,אין ממ״ד,FALSE,גמיש,חלקי,לפני 5 ימים,"למהירי החלטה הזדמנות חד פעמית למכירה מתיווך, בנאות אפקה א' בצפון ת""א ברחוב שקט מאוד וירוק מיקום מצוין, קרוב לכל השרותים, סופר, בתי ספר, גנים, קרוב ליציאות לאיילון ולכבישים ראשיים, מיקום מצוין.  
דירה 5 חדרים ענקית 134 מ""ר 4 כיווני אוויר, 2 חניות, קומה 3 מתוך 6 עם מעלית,
2 דירות בקומה טיפוסית, לשיפוץ מלא לא בונים דירות כאלה היום. 
בבניין מטופח ומתוחזק יפה מאוד. 
מחיר שיווק חסר תקדים ימסר רק לאחר ביקור בדירה. 
לפרטים נוספים ותיאום ביקור בנכס,",
תל-אביב-יפו-ישראל,דירה,4,"110 מ""ר",שוק הפשפשים וצפון יפו,,שוק הפשפשים וצפון יפו,4550000,2,קומה 2 מתוך 4,אין מעלית,אין חניה,אין סורגים,אין מחסן,משופץ,יש מיזוג אויר,יש מרפסת,אין ממ״ד,FALSE,גמיש,חלקי,חדש,"דירה בצפון יפו , אותנטית עם ריצופים מקוריים ברחוב שקט ונעים. מלאה באור ואויר (3 כיווני אויר).בניין מסודר ומרפסת שפונה לרחוב צידי ושקט. מושכרת ומניבה תשואה מדהימה",
תל-אביב-יפו-ישראל,דירה,4,"155 מ""ר",רציף הרברט סמואל,59,לב תל אביב החלק המערבי,13500000,4,קומה 11 מתוך 25,יש מעלית,יש חנייה,אין סורגים,אין מחסן,שמור,יש מיזוג אויר,יש מרפסת,יש ממ״ד,TRUE,מיידי,מלא,לפני 5 ימים,דירה מערבית נוף לים מוארת 3 חדרי שירותים 2 אמבטיה  מקלחות,
תל-אביב-יפו-ישראל,דירה,3,"62 מ""ר",יהודה הלוי,110,לב תל אביב,3700000,15,קומה 1 מתוך 3,אין מעלית,אין חניה,אין סורגים,אין מחסן,משופץ,יש מיזוג אויר,יש מרפסת,אין ממ״ד,FALSE,גמיש,מלא,חדש!,"דירה משופצת אדריכלית מהיסוד, ליד הסינימטק והבימה, 2 מרפסות, חדרי שינה עורפיים, 3 כיווני אויר, מוארת ויפה.",
תל-אביב-יפו-ישראל,דירה,4,"98 מ""ר",רמות צהלה,,רמות צהלה,4370000,3,קומה 1 מתוך 2,אין מעלית,יש חנייה,אין סורגים,אין מחסן,משופץ,יש מיזוג אויר,אין מרפסת,אין ממ״ד,FALSE,גמיש,ללא,חדש!,"נכס מספר: 5494, בשכונת רמות צהלה המבוקשת דירת 4 חד' מרווחת ביותר ושקטה! בניין ייחודי של 4 דיירים בלבד! דירה משופצת מהיסוד! 3 כיווני אוויר - מזרח/דרום/מערב חניה בטאבו הדירה תעבור התחדשות עירונית עם השבחה גדולה - אחוזים גדולים מהקרקע!מרחק נגיעה מהרכבת הקלה והמטרו עסקה בהזדמנות!! מחיר מבוקש 4,370,000",
תל-אביב-יפו-ישראל,דירה,5,"131 מ""ר",פייבל,,הצפון החדש סביבת כיכר המדינה,7790000,3,קומה 4 מתוך 5,יש מעלית,יש חנייה,אין סורגים,יש מחסן,חדש מקבלן,יש מיזוג אויר,יש מרפסת,יש ממ״ד,TRUE,גמיש,חלקי,לפני 6 ימים,"בפרויקט בוטיק לקראת סיום, (חצי שנה למסירה!) ברחוב פייבל השקט הסמוך לככר המדינה, בקומה רביעית עם מעלית לקומה, מוצעת למכירה דירת 5 חדרים בשטח הדירה כ- 126 מ""ר בנוי + 5.5 מ""ר מרפסת שמש משקיפה לנוף פתוח. סטנדרט גמר גבוה, מסטר הורים מפנק, מחסן וחניה בטאבו.",
תל-אביב-יפו-ישראל,דירה,3,"78 מ""ר",שקד,36,נווה עופר,2470000,10,קומה 2 מתוך 4,אין מעלית,אין חניה,יש סורגים,יש מחסן,משופץ,יש מיזוג אויר,אין מרפסת,אין ממ״ד,FALSE,מיידי,ללא,לפני 4 ימים,"בנווה עופר המתחדשת, דירת 3 חדרים ענקית, כ80 מטר, קומה 2 מתוך 4. כחלק מפרוייקט פינוי בינוי של חברת מטרופוליס, הדירה תקבל תוספת של עד 25 מ""ר בנוי + חדר ממ""ד + מרפסת שמש כ12 מ""ר + מחסן כ5 מ""ר + מעלית + חניה. הדירה מוארת ושמורה, סלון ומטבח ענקיים, חדר שירות, חדרים מרווחים, שירותים מקלחת בנפרד. ממוקמת כ 15 דקות נסיעה מאוניברסיטת תל אביב. פינוי מיידי. גמיש במחיר. לא בשבת. מתווכים נא לא להתקשר",
תל-אביב-יפו-ישראל,דירת גן,2,"42 מ""ר",בוגרשוב,70,לב תל אביב החלק המערבי,2500000,0,קומה 1 מתוך 4,אין מעלית,אין חניה,יש סורגים,אין מחסן,חדש,יש מיזוג אויר,אין מרפסת,אין ממ״ד,FALSE,מיידי,מלא,חדש!,"פריים לוקיישן נכס מסחרי המשמש למגורים בתוך בניין מגורים. לנכס כניסה פרטית, חלונות גדולים,גינה קטנה ו 3 כיווני אויר. חדר שירותים ואמבטיה מרווחים. הנכס יכול לשמש לכל מטרה. כיום מושכר ב18,000 בחודש.

פריים לוקיישן נכס מסחרי המשמש למגורים בתוך בניין מגורים. לנכס כניסה פרטית, חלונות גדולים,גינה קטנה ו 3 כיווני אויר. חדר שירותים ואמבטיה מרווחים. הנכס יכול לשמש לכל מטרה. כיום מושכר ב18,000 בחודש.",
תל-אביב-יפו-ישראל,דירה,4,"111 מ""ר",פייבל,,הצפון החדש סביבת כיכר המדינה,6650000,3,קומה 4 מתוך 5,יש מעלית,יש חנייה,אין סורגים,יש מחסן,חדש מקבלן,יש מיזוג אויר,יש מרפסת,יש ממ״ד,TRUE,גמיש,מלא,לפני 12 ימים,"בפרויקט בוטיק לקראת סיום, (חצי שנה למסירה!) ברחוב פייבל השקט הסמוך לככר המדינה, בקומה רביעית עם מעלית לקומה, מוצעת למכירה דירת 4 חדרים חזיתית ושקטה. שטח הדירה כ- 106 מ""ר בנוי + 5 מ""ר מרפסת שמש משקיפה לנוף פתוח. סטנדרט  גמר גבוה, מסטר הורים מפנק, מחסן וחניה בטאבו.",
תל-אביב-יפו-ישראל,דירה,4,"106 מ""ר",פייבל,,הצפון החדש סביבת כיכר המדינה,6200000,4,קומה 4 מתוך 5,יש מעלית,יש חנייה,אין סורגים,יש מחסן,חדש מקבלן,יש מיזוג אויר,יש מרפסת,יש ממ״ד,TRUE,גמיש,חלקי,לפני יומיים,"בפרויקט בוטיק לקראת סיום, (חצי שנה למסירה!) ברחוב פייבל השקט ובסמוך לככר המדינה, מוצעת למכירה בקומה רביעית, דירת 4 חדרים בשטח של כ- 100 מ""ר בנוי + 6 מ""ר מרפסת שמש. שקטה מאוד. 3 כיווני אויר, סטנדרט  גמר גבוה, מאסטר הורים מפנק. מחסן וחניה בטאבו.",
תל-אביב-יפו-ישראל,דירה,4,"90 מ""ר",קורקידי,20,נווה עופר,2700000,0,קומה 4 מתוך 7,יש מעלית,אין חניה,אין סורגים,יש מחסן,ישן,אין מיזוג אויר,אין מרפסת,יש ממ״ד,FALSE,לא צויין,ללא,לפני יומיים,"דירת 4 חדרים בפרוייקט תמ''א 38 לקראת סיום. מצריך שיפוץ כללי פינוי מיידי, מחיר גמיש. יש חניה, מחסן, מרפסת ומעלית. לא בשבת",
הרצליה,דופלקס,5.5 חד׳,"160 מ""ר", פינס,5, הרצליה הצעירה,4400000,9,קומה 3 מתוך 3,אין,יש,nan,יש,משופץ,יש,יש,אין,FALSE,גמיש,nan,nan,"דירה מתוחזקת ומפנקת בבניין בוטיק של 3 דירות. הדירה כוללת 3 מרפסות אחת חזיתית לכיוון צפון, מקורה בגודל של כ 25 מ""ר, השנייה חזיתית פתוחה כ 18 מ""ר השלישית עם יציאה מהמטבח מכוסה ברשת צל, פונה לצפון ודרום כ 16 מ""ר. גג הבניין בגודל 54 מ""ר שייך לדופלקס ורשום בטאבו וקיימת יציאה אליו מהקומה השנייה בדירה. מטבח של חברת סמל כולל אי. הדירה בקרבת גני ילדים, בי""ס יסודי ממלכתי וקווי תחבורה ציבורית. פינוי גמיש ללא תיווך.",
הרצליה,דירה,4 חד׳,"123 מ""ר", גולדברג לאה,6, הירוקה המרכזית,5130000,4,קומה 2 מתוך 8,יש,יש,יש,יש,שמור,יש,יש,יש,TRUE,גמיש,ללא,,"דירה מעולה! 4 חדרים (כ-110 מר) + 13 מרפסת שמש. מוארת ומרווחת ברח' הכי טוב בירוקה המערבית. מזגן נפרד בכל חדר, ארונות קיר מושקעים. 2 חדרי שירותים ומקלחת. בניין בוטיק בן 6. 23 דירות בבניין. 2 חניות תת קרקעיות, מחסן, וחניית אורחים לדיירי הפרויקט בלבד. ליד הבינתחומי, גנים, בתי""ס, גינות, סופרים, קופ""ח, בריכה, בתי קפה. קרוב לרכבת, לפארק, לקניון ולצירי תנועה מרכזיים. שיוך לבי""ס נבון המבוקש, ללא תיווך",
הרצליה,דירת גן,3.5 חד׳,"144 מ""ר", פורצי הדרך,36, נוה עמל,3300000,8,קומת קרקע,אין,יש,אין,אין,שמור,יש,יש,יש,FALSE,גמיש,ללא,nan,"דירה מהממת! במיקום מעולה בשכונה קהילתית ומעולה לילדים. יש גינת משחק מול הבית, בתי ספר טובים בעיר, השדות מאחורי הרחוב שקטים וקסומים. בדירה יש אוירה ממש נעימה, ובקיץ בריזה מעולה! החיבור בין הסלון לגינה ממש נעימה ואפשר ממש לחיות בחוץ כל הזמן. השכנים מקסימים. המטבח הוא מקורי מהקבלן, אך ניתן באישור עיריה להגדיל אותה על חשבון מרפסת שרות כך שיש לה פוטנציאל לגדול בחצי.",
הרצליה,דירה,5 חד׳,"127 מ""ר", שמואל הנגיד,7, מרכז,4300000,8,קומה 1 מתוך 5,יש,יש,אין,יש,חדש,יש,יש,יש,TRUE,גמיש,חלקי,nan,nan,
הרצליה,דופלקס,7 חד׳,"200 מ""ר", הרב גורן,6, מרכז,4350000,nan,קומה 5 מתוך 6,יש,אין,אין,אין,שמור,יש,אין,יש,TRUE,nan,nan,nan,מדובר על נכס עם פוטנציאל אדיר. הנכס נמצא בקומה חמישית ושישית והמעלית מגיעה גם לקומה החמישית וגם לשישית. הנכס כמו שתי דירות נפרדות של 4 חדרים ושלושה חדרים. בקומה השישית יש גג יפה מאוד לכיפת השמיים. החדרים גדולים וגבוהים ( בניה של שנות ה90) יחידת הורים עם חדר ארונות הנכס זקוק לשיפוץ בנוסף יש עלויות טיפול בנכס. לנכס יש זכויות בניה על הגג הנכס בעל פוטנציאל השבחה כולל צואה יפה נכס לא סטנדרטי.קרא עוד,
הרצליה,פנטהאוז,5 חד׳,"165 מ""ר", בני בנימין,26, הירוקה המרכזית,4950000,6,קומה 4 מתוך 4,יש,יש,אין,יש,שמור,יש,יש,אין,FALSE,גמיש,nan,nan,"בית פתוח ביום חמישי 25.5 בין השעות 9-12 , רחוב בני בנימין 26, קומה 4 , דירה 10, הרצליה הירוקה דירת פנטהאוז בירוקה!! ללא תיווך!!!! 175 מ""ר כולל 20 מ""ר מרפסת !!(אפשר לבנות סוכה) 3 כיווני אוויר,11 דיירים. קרוב להכל !! נעשה שיפוץ כללי בכל הבניין- מהגג, חיצוני, פנימי,כל הבניין ורחבת חניון . כולל גינה ירוקה גדולה מאחורי הבניין ששייכת לבניין..",
הרצליה,דירה,4 חד׳,"123 מ""ר", הקוצרים,11, מרכז,3760000,4,קומה 5 מתוך 6,יש,יש,אין,יש,חדש,יש,יש,יש,TRUE,45261,nan,nan,"ירה חדשה בת 4 שנים מפרויקט תמ""א 38. במקור 4.5 חדרים שהוסבה ל-4 לטובת סלון ומטבח ענקיים. 3 כיווני אוויר מלאה באור וירוק ופונה לגינה ציבורית ושקטה. שייוך לביה""ס הנדיב ומרחק הליכה לפארק הרצליה ומרכז העיר השוקק. מעוצבת אדריכלית עם נגרות פרטית בכל הבית ומלא מקום אחסון. מיזוג מרכזי, מאווררי תקרה, תריסים חשמליים ופרקטים בחדרים. 110 מ""ר + 13 מ""ר מרפסת, חניה פרטית ו-2 מחסנים אישיים (+מחסן אופניים משותף)",
הרצליה,דירה,5 חד׳,"140 מ""ר", בר כוכבא,63, נוה ישראל,4800000,7,קומה 6 מתוך 8,יש,יש,אין,אין,חדש מקבלן,יש,יש,יש,TRUE,45444,nan,Nan,"דירה חדשה בפרויקט גפן בהרצליה ממול לגליל ים. 134 + 12 מרפסת. פרויקט פינוי בינוי שנמצא בעיצומו, סיום בניה ספטמבר 24. היזם קנדה ישראל, ביצוע ע""י תידהר. מפרט עשיר ומפנק, מרפסת פונה לפרק, קומה גבוהה, מטבח משודרג.",
הרצליה,דירה,3 חד׳,"56 מ""ר", מעפילי מרוקו,25, יד התשעה,2320000,nan,קומה 2 מתוך 3,אין,אין,אין,אין,משופץ,יש,אין,אין,לא נגיש,nan,nan,nan,"מציאה ! דירה 3 חדרים בבעלות פרטית 56 מטר, הרצליה. בשכונת יד התשעה. דירה מקסימה ומשופצת בהרצליה. להשקעה או למגורים. מתכננים פינוי בינוי באיזור",
ראשון לציון,דירה,3 חד׳,"85 מ""ר",מאירוביץ,4, השומר,2100000,1,קומה 2 מתוך 7,TRUE,FALSE,FALSE,FALSE,משופץ,TRUE,FALSE,FALSE,FALSE,גמיש,,,"דירת 3 חדרים משופצת וגדולה, בניה של פעם עם חדרים ענקיים, ניתן בקלות להפוך ל4 חדרים. איזור שקט, במרחק הליכה ממרכז העיר וקניון ראשונים. ארונות קיר בחדרי השינה, חדרים מאוד מרווחים, מאווררים ומוארים עם 2 חלונות בכל חדר שינה. חניה בטאבו ויש גם הרבה חניה ברחוב. תאריך כניסה גמיש, יכול להתאים למיידי או בטווח של עד שנה (ללא תיווך)",
ראשון לציון,דירת גג,7 חד׳,"339 מ""ר",החלמונית,29, קרית ראשון,4999000,0,קומת קרקע,TRUE,FALSE,FALSE,FALSE,משופץ,TRUE,FALSE,FALSE,FALSE,,,,"פנטהאוז טריפלקס ייחודי ומדהים! חללים גדולים, מרפסות גדולות ונוף פתוח עד לים. בית שהיום כבר לא בונים. גודל 221 מר ומרפסות 118 מר אפשרות ליחידה. שווה ביותר! לא למתווכים",
ראשון לציון,דירה,4.5 חד׳,"117 מ""ר",אבידן שמעון,, רביבים,2890000,1,קומה 2 מתוך 4,TRUE,TRUE,TRUE,FALSE,משופץ,TRUE,TRUE,TRUE,TRUE,גמיש,,,"משדרגי דיור? זאת בדיוק הדירה שחיפשתם !!!!!!!!!! קבוצת קופל נדל""ן מציעה דירה מעולה למכירה בראשון לציון! דירת 4.5 חדרים הדירה ממוקמת ברחוב בוטיק מקסים וצופה לבתים פרטיים ללא בניין חוסם ממול משופצת קומפלט וכוללת מרפסת גדולה ו-2 חניות פרטיות ומקורות. זהו המקום המושלם למשפחה שמחפשת דירה מהממת במיקום מעולה ובקרבה לבתי ספר, גנים, גינות שעשועים, גן בעברית, כבישי יציאה מהעיר, קאנטרי קלאב ועוד מחיר סופר ראלי כמחיר שיווק 2,890,000 ש""ח בלבד מעט גמיש",
ראשון לציון,דירה,4 חד׳,"95 מ""ר",,,קדמת ראשון,2040000,1,קומה 1 מתוך 4,TRUE,TRUE,TRUE,FALSE,שמור,TRUE,FALSE,FALSE,TRUE,גמיש,,,"הזדמנות שלא חוזרת אין מחיר כזה בעיר קבוצת קופל נדל""ן מציעה דירה מעולה למכירה בשכונת קדמת ראשון ראשון לציון! דירת 4 חדרים גדולה בקרבה להכל: בתי ספר גני ילדים היציאה מהעיר גינות שעשועים מתחם הרובע בתי קפה מסעדות ברים ועוד כולל חניה . כולל מעלית הדירה פונה לגינה ירוקה, מחיר סופר ראילי כמחיר שיווק רק 2,060,000 ש""ח מעט גמיש",
ראשון לציון,דו משפחתי,3.5 חד׳,"504 מ""ר",הפרח,80, שיכוני המזרח,5750000,7,קומת קרקע,FALSE,FALSE,FALSE,TRUE,משופץ,TRUE,FALSE,FALSE,TRUE,מיידי,,,בית משופץ על 504 מטר מרובע מתאים לחלוקה לשתי חלקות . מנהל מהוון לשנים רבות בית יפה ומחודש מבפנים . יחידת משרד של בניה מעץ מרווחת בחצר כפרי,
ראשון לציון,דירה,4 חד׳,"101 מ""ר",הכובש,9," רמב""ם",2350000,9,קומה 3 מתוך 4,TRUE,TRUE,TRUE,FALSE,משופץ,TRUE,FALSE,FALSE,TRUE,ספט-24,מלא,,"ללא תיווך* דירה גדולה מאוד עם חנייה מקורה בטאבו (101 מ""ר). בניין בוטיק (8 דירות בבניין) הדירה משופצת מהיסוד כולל החלפת צנרת , רצפה ודלתות הוחלפו, סורגים בכל חלונות הבית למעט הסלון , יש מזגן בכל חדר , בבניין קיימת מעלית . שלושה כיווני אוויר מלאים הבניין עצמו נמצא בתהליך התחלתי לפרוייקט פינוי בינוי. מוכרים את הדירה בשל הרחבת המשפחה , חנייה מקורה בטאבו . * פינוי בעוד כשנה *לא מיועד למתווכים* כל הדירה מרוהטת יכול להימכר עם הדירה . סלון ענק , חדר ילדים הכולל מיטה ומיטת חבר, ספה וחצי נפתחת , שני ארונות בגדים וכוננית ספרים ועמדת למידה",
ראשון לציון,דירה,4 חד׳,"91 מ""ר",,,נוה הדרים,2570000,1,קומה 3 מתוך 6,TRUE,TRUE,TRUE,TRUE,משופץ,TRUE,TRUE,TRUE,TRUE,גמיש,,,"קבוצת קופל נדל""ן מציעה דירה מעולה למכירה בראשון לציון! דירת 4 חדרים מהממת בשכונת נווה הדרים המבוקשת בראשון לציון ! הדירה כוללת 2 מרפסות שמש!!! מחסן, חניה ועוד! היא פונקציונלית ומשופצת אדריכלית ב 200,000 ש""ח מחיר סופר ראילי כמחיר שיווק רק 2,570,000 ש""ח מעט גמיש",
ראשון לציון,דירת גג,4 חד׳,"115 מ""ר",אבידן שמעון,, רביבים,3450000,1,קומה 3 מתוך 4,TRUE,TRUE,FALSE,TRUE,משופץ,TRUE,TRUE,TRUE,TRUE,גמיש,,,"קבוצת קופל נדל""ן מציעה דירת דופלקס גג מעולה למכירה בראשון לציון! בשכונה קהילתית רחוב בוטיק בראשון לציון פנטאוז דופלקס מהמם ופונקציונלי 4 חדרים נוף מטורף עד תל אביב. גג היקיפי מהמם פלוס מרפסת נוספת ממ""ד מטבח וסלון גדולים בסגנון אופן ספייס אופציה לבניה נוספת על הגג",
ראשון לציון,דירה,4 חד׳,"99 מ""ר",עין הקורא,3," רמב""ם",2149000,18,קומה 5 מתוך 7,TRUE,FALSE,FALSE,TRUE,משופץ,TRUE,FALSE,FALSE,TRUE,מיידי,מלא,,"ללא תיווך רחוב עין הקורא 3 , דירה 13 ,קומה 5 . 4 חדרים בגודל 99 מטרים עורפית ושקטה. כיווני הרוח דרום מזרח, זרימה נעימה של האוויר. ממוקמת במיקום אסטרטגי בין מזרח העיר למערבה. נושאת את תכונות הנוחות בצורה מושלמת. גישה נוחה לתחבורה ציבורית יציאה מהעיר. במרחק הליכה של 2 דקות לבנקים, עירייה, קופות חולים וחניות . חנייה מסודרת עם שער חשמלי, מעלית במצב מצוין. לתיאום פגישה נא ליצור קשר אחרי שעה 17:30. שמי סאני בעל הדירה.",
ראשון לציון,דירה,3 חד׳,"57 מ""ר",ברניצקי נתן,24, רמז,1790000,8,קומה 4 מתוך 4,FALSE,FALSE,FALSE,FALSE,שמור,FALSE,FALSE,FALSE,FALSE,גמיש,ללא,,"בבעלות בטאבו, 57 מ""ר (לא כולל המרפסות), לפני תמ""א 38 (ממתין לאישור לקראת סוף השנה/עד סוף 2023), דלת רב בריח, דוד שמש, ללא חניה בטאבו, ללא מזגן, ללא מעלית, לא משופצת, פינוי גמיש. ללא תיווך – פרטי.",
ראשון לציון,דירה,2.5 חד׳,"70 מ""ר",,,כצנלסון,1790000,1,קומה 1 מתוך 3,FALSE,FALSE,FALSE,FALSE,משופץ,FALSE,FALSE,FALSE,FALSE,מיידי,,,"קבוצת קופל נדל""ן מציעה דירה מעולה למשקיעים או זוג צעיר למכירה בראשון לציון! \ הזדמנות נדירה להשקיע בדירה מעולה בראשון לציון שכונת כצנלסון המבוקשת ! 2.5 חדרים ובעלת שטח של כ72 מטר היא משופצת ומטופחת עם 3 כיווני אוויר חלונות בלגים מה שמאפשר המון אור אופי ויופי. בהליך תמא מתקדם , זהו הזמן המושלם לקנות דירה במחיר זול ולקבל תמורה מצוינת על ההשקעה שלכם. מחיר סופר ריאלי כמחיר שיווק 1,790,000 ש""ח",
ראשון לציון,דירה,4 חד׳,"85 מ""ר",,,"רמב""ם",2240000,1,קומה 3 מתוך 6,TRUE,TRUE,FALSE,FALSE,שמור,FALSE,FALSE,FALSE,TRUE,מיידי,,,"משקיע? זוג צעיר? בדיוק עכשיו זה הזמן לרכוש נכס! קבוצת קופל נדל""ן. מציגה :דירה למכירה בשכונת רמב""ם בראשון לציון! אם אתם מחפשים דירה מרווחת במרכז העיר , דירת 4 חדרים ענקית בסגנון אופן ספייס הדירה ממוקמת בקומה השלישית וכוללת מעלית וחניה פרטית. עם 3 כיווני אוויר, תמיד תהיה לכם אפשרות להנות מאווירה נעימה אור ואוויר. השכונה היא שכונה מתפתחת ומתחדשת ומציעה מגוון בתי ספר, גני ילדים, קופות חולים, חנויות, בתי קפה ומסעדות במרחק הליכה קצר. ומה המחיר? מחיר מעולה לדירה כזאת שכמובן שאי אפשר לפספס!",
ראשון לציון,דירה,4.5 חד׳,"125 מ""ר",אברבנאל,16," רמב""ם",2400000,9,קומה 5 מתוך 8,TRUE,TRUE,FALSE,FALSE,משופץ,FALSE,FALSE,FALSE,TRUE,מיידי,חלקי,,"דירת גדולה ומשופצת לכניסה מיידית 4.5 חדרים רחוב מבוקש ושקט משופצת מהיסוד כ-125 מ""ר דירה חזיתית עם כ""א מעולים סלון בתכנון ""אופן ספייס"" מטבח רחב ידיים נישה מוגדרת לפינת אוכל יחידת הורים קומה5 מתוך 8 2 מעליות חניה בטאבו לכניסה מיידית מיקום מעולה ומבוקש, בסמיכות פארקים ובית ספר. מגיעה עם כוורת גדולה ושולחן סלון כפי שניתן לראות בתמונות",
ראשון לציון,דירה,3 חד׳,"71 מ""ר","צ""ג בנות",28," רמב""ם",1950000,11,קומה 4 מתוך 4,FALSE,TRUE,FALSE,FALSE,משופץ,TRUE,FALSE,FALSE,FALSE,גמיש,מלא,,"***למכירה*** בראשל""צ ברחוב צ""ג בנות 28 שכונת רמב""ם - ללא תיווך דירת 3 חדרים 71 מ""ר מיועדת תמ""א 38 עתידה להיות 4 חדרים עם מרפסת ומעלית מחיר: 1,950,000₪ (גמיש במחיר) - חניה משותפת עם שער כ 30 מקומות חניה - מקלט ענק לכל דיירי הבניין - מוארת ומרווחת מאוד - נמצאת במיקום מרכזי - שפע של גנים ובתי ספר באיזור",
ראשון לציון,דירה,3 חד׳,"70 מ""ר",,,רמז,1910000,1,קומה 6 מתוך 8,TRUE,TRUE,FALSE,FALSE,משופץ,TRUE,FALSE,FALSE,TRUE,גמיש,,,בשכונת רמז המבוקשת!!בסמיכות למוסדות החינוך הנחשבים!!דירה משופצת בקומה גבוהה!!מעלית!!!חניה קבועה בחניית הבינין!! תמונות ישלחו בווטסאפ לרציניים!!,
ראשון לציון,דירה,4 חד׳,"100 מ""ר",,,"רמב""ם",2258000,13,קומה 5 מתוך 7,TRUE,TRUE,FALSE,FALSE,חדש מקבלן,FALSE,TRUE,TRUE,TRUE,נוב-25,,,"מבחר דירות 4 חדרים חדשות מקבלן , בפרויקט שקיבל היתר ועלה לקרקע לפני שבוע ,המחיר המופיע במודעה למטה הוא מחיר התחלתי החל מ : 2,258,000 ש""ח . דירת גן 4 חדרים אחת , שמונה דירות 4 חדרים שתי פנטהאוזים של 4 חדרים עם מרפסות של 87 מטר כל הדירות סביב 100 מטר עם מרפסות של 11 מטר ליווי בנקאי מלא , כניסה לדירות נובמבר 25המחירים שונים ביין דירה לדירה פרטים ינתנו במשרד נדל''ן היקב XXX-XXXXXXXאבי",
ראשון לציון,דירת גן,5 חד׳,"128 מ""ר",יעקב בן סירא,3, הרקפות,5100000,0,קומת קרקע,TRUE,FALSE,TRUE,TRUE,משופץ,TRUE,FALSE,TRUE,TRUE,,,,"למכירה, דירת גן, בראשון לציון",
ראשון לציון,דירה,4.5 חד׳,"110 מ""ר",הדוגית,68, נווה ים,2800000,0,קומה 5 מתוך 9,TRUE,FALSE,TRUE,FALSE,משופץ,TRUE,FALSE,TRUE,FALSE,,,,בית שעבר שיפוץ לא מזמן רק לבוא עם מזוודה ולהכנס,
ראשון לציון,דירה,4 חד׳,"93 מ""ר",חיל הרגלים,13, נווה חוף,2650000,4,קומה 1 מתוך 7,TRUE,FALSE,FALSE,FALSE,ישן,FALSE,TRUE,TRUE,TRUE,,,,"ענקית מסיום פרוייקט של תמא 38 פוייקט לב פואבלו המפואר! מרפסת שמש כ 10 מ' מהסלון , חניה בשפע, הליכה מחוף הים, קרוב למתחם ה- 1000, והרכבת הקלה הנבנת במרחק הליכה מהפרוייקט, גן ציבורי, פארק, שבילי הליכה ואופניים. מיקום מדהים! הדירה כ- 93 מ' ענקית!!! 4 חדרים מרווחים , ביניין של 7 קומות , 2 דיירים בכל קומה!! פרטיות מוחלטת! דירה חזיתית, קרובה להכל!!!",
ראשון לציון,דירה,4 חד׳,"120 מ""ר",,,כלניות,2450000,2,קומה 3 מתוך 4,TRUE,TRUE,FALSE,TRUE,חדש,TRUE,TRUE,TRUE,FALSE,גמיש,,,"עיסקה של פעם בחיים, מחיר מטורף הזדמנות יחידה במינה לגור בשכונה הכי מבוקשת בראשל""צ חדש למכירה! דירה באחד הפרויקטים המבוקשים בשכונת כלניות! גדולה ומוארת, באזור ירוק ושקט. דירה בת 4 חדרים, סלון, 3 חדרי שינה, אחד מהמם ממ""ד, מטבח, פינת אוכל, חדר רחצה, מרפסת וחניה תת קרקעית, בניין בוטיק!",
ראשון לציון,דירה,5 חד׳,"150 מ""ר",שלמה לוי,1, רביבים,3700000,15,קומה 8 מתוך 9,TRUE,TRUE,FALSE,TRUE,משופץ,TRUE,TRUE,TRUE,TRUE,גמיש,,,"מיקום - שכונת הנרקיסים, רחוב שער יפו 14. יזם - אפריקה ישראל. סטטוס- פרויקט מאוכלס פנוי למגורים מיידי. דירה חדשה מעוצבת למכירה מפרטי! לפרטי! הדירה- 5 חדרים, 124 מ""ר + 23 מטר מרפסת. דירה משודרגת- ארון חדר שינה הורים/ מקלחון הורים/ רשתות/ מזגנים/ ריצוף 100X100 ועוד.. 2 חניות נפרדות תת קרקעיות. 1 מחסן תת קרקעי כ 7 מטר. דירה פונה למערב לנוף פתוח",
ראשון לציון,דירה,4 חד׳,"90 מ""ר","ביל""ו",20, השומר,2280000,4,קומה 2 מתוך 4,TRUE,TRUE,TRUE,TRUE,משופץ,TRUE,FALSE,FALSE,TRUE,גמיש,חלקי,,"דירת ארבעה חדרים מהממת ללא תיווך בשכונת גן נחום - השומר, שכונה שקטה ואיכותית. הדירה שופצה לפני כחמש שנים כולל חשמל ואינסטלציה, פרקטים בחדרים, מטבח מנגר ושיש אבן קיסר. בבניין מעלית וחניה בהסכמה (אופציה לחנות שני רכבים). מזגנים חדשים בסלון ובחדרים, ארון ענק מקיר לקיר באחד החדרים, התאורה ורוב הריהוט ישארו בדירה. מתווכים בבקשה לא להתקשר!!",
ראשון לציון,דירה,5 חד׳,"118 מ""ר",,,קרית ראשון,2820000,4,קומה 7 מתוך 8,TRUE,TRUE,FALSE,FALSE,משופץ,TRUE,TRUE,FALSE,TRUE,גמיש,,,ברחוב ישראל גלילי המבוקש מאוד!!!דירת 4.5 חדרים כמו 5 לכל דבר!!חצי חדר ענק כ8 מר!!מרפסת שמש מפנקת פונה לנוף פתוח לכוון מערב!!3 כווני אויר!!חלל מגורים ואירוח ענק!!פינת עבודה מוגדרת!!תיכנון דירה פונקציונלי מיטבי!!חניה בטאבו הכי טובה בבינין עם שער חשמלי!!!שכונה מדהימה בסמיכות לכל משרדי הממשלה מרכזי קניות ויציאות לכל הכבישים!!חובה לראות!!מחיר גמיש!!,
ראשון לציון,דירה,4 חד׳,"115 מ""ר",תל חי,23, אברמוביץ,2600000,9,קומה 6 מתוך 7,TRUE,FALSE,FALSE,FALSE,משופץ,TRUE,FALSE,FALSE,TRUE,גמיש,"ארונות, תנור, גז.",,"בקומה 6 אין עוד דירות לובי פרטי. מסודרת, ממוקמת במרכז, 5 דקות מתחנה מרכזית ישנה ,איזור שקט. מעלית עברה שיפוץ בשנה האחרונה, לפני 4 שנים הבניין עבר שיפוץ חיצוני",
יהוד מונוסון,דירה,4 חד׳,"132 מ""ר",תמר נוה אפרים,9,נווה אפרים,3300000,10,קומה 2 מתוך 16,TRUE,FALSE,FALSE,TRUE,משופץ,TRUE,TRUE,FALSE,TRUE,45200,חלקי,,"בהזדמנות מפרטי ללא תיווך! למכירה באזור המבוקש בבקעת אונו נווה מונוסון בשכונת התמר היוקרתית (15 דקות מת""א) , דירת 4 חדרים, מרווחת ומושקעת עם שדרוגים ותוספות, בבנין מתוחזק ברמה גבוהה. שטח בנוי של 120 מ""ר וסלון ענק! כוללת 2 חדרי שירותים ו-2 מקלחות (אחת כוללת אמבטיה), וכן ארונות אמבט וארון שירות מנגר. מרפסת בשטח של 12 מ""ר עם נוף פתוח הפונה לדרום מערב, כוללת נקודות ומים וגז (כולל מנגל Weber). הדירה כוללת מזגן מיני מרכזי Electra, חימום מים בגז, מטבח יוקרתי ומודרני של מטבחי זיו, תנור Bosch builtin, מדיח כלים אינטגרלי AEG, וכיריים גז זכוכית. יש רשתות בכל הבית, 2 חניות תת קרקעיות ומחסן גדול. בחדר הורים יש ארון קיר גדול ומרווח של Delkoub.

הדירה ממוקמת במרחק הליכה מבתי הספר, גני הילדים, גני השעשועים, מרכז מסחרי ובריכת נווה מונוסון. תאריך הפינוי הוא נובמבר 2023. (אם אין מענה ניתן לשלוח וואטסאפ)
עודד",
יהוד מונוסון,דירה,5 חד׳,"127 מ""ר",רמז,30,מרכז העיר,2980000,9,קומה 5 מתוך 7,TRUE,FALSE,FALSE,FALSE,חדש,TRUE,TRUE,FALSE,FALSE,גמיש,חלקי,,"דירה מדהימה ונדירה, עצוב פנים ותכנון אדריכלי.
מושקעת ברמה הגבוהה ביותר.
לא נדרש להשקיע שקל - להיכנס ולגור !    
ארונות דלקוב + פרקט + מיזוג תדיראן  בכל  החדרים 
 מטבח מפואר כולל אי ובוצ'ר, 
מרפסת ענקית , 15 מ""ר,  עם נוף מרהיב ופתוח . כיוונים מעולים דרום מערב.
ועוד תוספות שיימסרו למתעניינים  - חובה לראות",
יהוד מונוסון,דו משפחתי,6 חד׳,"319 מ""ר",בשכונת קרית,,,7200000,11,קומת קרקע,FALSE,FALSE,TRUE,TRUE,חדש,TRUE,TRUE,FALSE,FALSE,גמיש,"שכונת ביאליסטוק היא השכונה המבוקשת ביותר ביהוד בשל הבניה הנמוכה, הסביבה הירוקה, והקירבה לכל השרותים הקהילתיים. בעתיד תהיה במרחק של רבע שעה מהקו הסגול. הנכס הינו נכס נדיר ביופיו בתכנון ובעיצוב הייחודי",,"בטיפולנו הבלעדי בשכונת ביאליסטוק ביהוד וילה טוסקנית נדירה בהשראת סגנון ורסאצ'ה.כ -435 מ""ר מגרש ענקכ- 319 מ""ר בנוישטחי אירוח ענקייםמרתף ענק (אופ' ליחדת דיור)אופ' להגדלת מרתף בכ 60 מ""רחימום תת רצפתיחלונות מעוצבים השוטפים את הנכס באורדלת כניסה בעיצוב ייחודיSKYLIGHTריצוף יוקרתי המשולב עם פרקטסוויטת הורים XL נדירהגג סולארי (חוסך חשמל ל20 שנה)תקרות גבוהותגינה בעיצוב ייחודי ופסטורליWOW",
יהוד מונוסון,דירה,3 חד׳,"90 מ""ר",המעפילים,7,מרכז העיר,2450000,3,קומה 3 מתוך 8,TRUE,FALSE,FALSE,FALSE,שמור,FALSE,TRUE,FALSE,FALSE,גמיש,חלקי,,דירת 3 חדרים מרווחת במרכז העיר מיקום שקט ונוף פתוח 2 מעליות יחידת הורים מרפסת שמש חניה שמורה ומקורה מזגן מיני מרכזי דוד סולארי חדש,
יהוד מונוסון,דירה,3 חד׳,"60 מ""ר",וינהויז זאב,27,מרכז העיר,2320000,7,קומה 2 מתוך 4,TRUE,FALSE,FALSE,TRUE,שמור,TRUE,FALSE,FALSE,FALSE,גמיש,לא צויין,,"*ללא תיווך* בית מהמם 3 חדרים 60 מטר 2 חדרי רחצה ושירותים, מחסן וחניה מקורה. לרצינים בלבד",
יהוד מונוסון,דירת גן,5 חד׳,"132 מ""ר",בשכונת נווה,,,4700000,13,קומת קרקע,TRUE,FALSE,TRUE,TRUE,חדש,TRUE,TRUE,FALSE,TRUE,גמיש,לא צויין,,"בטיפולנו הבלעדי בנווה מונוסון החדשה דירת הגן הכי מעוצבת בשכונה ע""י אדריכלית עם גינה WOW.כ-132 מ""ר בנויכ- 105 מ""ר גינהכ- 21 מ""ר מרפסת מקורהמטבח DELKOB יוקרתי עם שיש INFINITY איטלקיסוויטת מתבגר / נפרדתמטבח חיצוניגינה מושקעת עם קיר דשא ירוקיחידה חיצונית סגורה (מושלמת לאירוח)שטחי אירוח מרווחיםסוויטת הורים XLגופי תאורה יוקרתייםמוארת ביותרחדרי רחצה מעוצביםנגרות בהתאמהפרגולה ענקית2 חניות",
יהוד מונוסון,דירה,3 חד׳,"86 מ""ר",חתוכה סעדיה,44,מרכז העיר,1930000,2,קומה 3 מתוך 3,FALSE,FALSE,FALSE,FALSE,שמור,TRUE,FALSE,FALSE,FALSE,גמיש,ללא,,"דירת 3 חדרים מרווחת 86 מטר במצב מעולה. 2 כיווני אויר, מוארת ונקייה.
מיועדת לפינוי בינוי, אחרי פינוי בינוי יש תוספת של 25% + מרפסת שמש,חניה ומחסן.
הדירה מושכרת כרגע לשוכר מושלם.
מעולה למשקיעים.
ברחוב סעדיה חתוכה 44 , קומה 3, ללא מעלית.
מול מרכז קניות, גני ילדים ובתי ספר.
ללא תיווך רק לרצינים",
יהוד מונוסון,דירה,4.5 חד׳,"110 מ""ר",דרך משה דיין,16,קרית סביונים,3100000,15,קומה 1 מתוך 9,TRUE,FALSE,FALSE,FALSE,משופץ,TRUE,FALSE,FALSE,FALSE,גמיש,ללא,,"דירה משופצת מהיסוד לפני 2 שנים.
בקרבה לגנים, בתי ספר, חטיבה, קניון הסביונים ,מגרשי ספורט וגני משחקים. יחידת הורים מרווחת(חדר ארונות שירותים ומקלחת)
הדירה צופה לכיוון דרום מערב.
פינוי גמיש.
חצי החדר הוא ממד בגב המטבח ללא חלון שיש בו ארון מזווה.
הדירה כרגע מושכרת.
כוללת חניה בטאבו.
בבקשה לא להתקשר מתיווך.",
יהוד מונוסון,דירה,5 חד׳,"130 מ""ר",תמר נוה,,נווה אפרים,3890000,21,קומה 13 מתוך 16,TRUE,FALSE,TRUE,TRUE,משופץ,TRUE,TRUE,FALSE,TRUE,גמיש,לא צויין,,"דירה נדירה - מגוון שדרוגים ותוספות בשווי של למעלה מ 200 אלף ש""ח, כוללים במחיר. מרפסת כוללת הגבהת ויטרינות לבטיחות ילדים ונקודת גז. נוף עוצר נשימה לכיוון נווה מונוסון ובקעת אונו.יחידת מתבגר נפרדת. שני ארונות רחצה של חברת DaCucina. שלושה ארונות קיר בחדרים. ארון שרות מנגר פרטי. פרקט בחדרים. טלוויזיה built in בארון ביחידת הורים. חדר שירות נוסף. שתי חניות תת קרקעיות ומחסן ממודף. אפשרות לפינוי מידי",
יהוד מונוסון,דירה,5 חד׳,"170 מ""ר",וינהויז,,מרכז העיר,3150000,9,קומה 1 מתוך 11,TRUE,FALSE,TRUE,TRUE,חדש,TRUE,TRUE,FALSE,TRUE,גמיש,כל מה שצמוד לקיר,,"דירה מקסימה גדולה ומרווחת,מטבח עבודת נגר וגם ארונות שרות וחדרים.מוכרים מקסימים דירה יפיפיה פונה לפארק מרפסת גדולהומחסן ענק.",
יהוד מונוסון,דירה,4 חד׳,"100 מ""ר",עץ האפרסק,4,מרכז העיר,2350000,5,קומה 5 מתוך 8,TRUE,FALSE,TRUE,FALSE,משופץ,TRUE,FALSE,FALSE,TRUE,גמיש,חלקי,,"ללא תיווך ! ברחוב עץ האפרסק 4 מיקום מעולה ! רחוב ללא מוצא , דירה רשומה בטאבו !! בקומה 5 מתוך 8 , כולל חניה צמודה , כיוון דרום מערב , נוף פתוח , קירבה למוסדות חינוך , גני ילדים , ומרכזי קניות , דירה מושקעת לאחר שיפוץ כוללת ממ""ד , מזגן בכל חדר. פינוי גמיש",
יהוד מונוסון,דירה,3 חד׳,"87 מ""ר",דרך משה דיין,16,קרית סביונים,2610000,2,קומה 1 מתוך 9,TRUE,FALSE,TRUE,FALSE,משופץ,TRUE,TRUE,FALSE,FALSE,גמיש,ללא,,"דירה משופצת מהיסוד לפני 4 שנים, כולל מטבח חדש, ריצוף, מקלחת שירותים , 2 שירותים יש , דלתות פנדור, הרחבת מרפסת ל14 מטר , מזגנים בני 4 שנים(מזגן בכל חדר)בניין שמור מאוד עם חברת ניהול, מצלמות , יש חניה לדירה בכללי אין בעיות חניה באזור הבניין.
הדירה צופה לכיוון דרום מערב, הבניין לא על הכביש הואו פנימי עם דשא יפה של הבניין.
פינוי 31.10.23.--הדירה היא שלושה חדרים וחצי חדר ממד ללא חלון--.",
יהוד מונוסון,דירה,5 חד׳,"137 מ""ר",תמר נוה,,נווה אפרים,3690000,18,קומה 9 מתוך 14,TRUE,FALSE,FALSE,TRUE,חדש,TRUE,TRUE,FALSE,TRUE,גמיש,לא צויין,,"למכירה - בבלעדיות - בנוה מונסון - רחוב התמר 
דירת 5 חד' בנוי כ- 137 מ""ר + מחסן 12 מ""ר 
מ.שמש מפנקת .
קומה גבוהה 
עיצוב אדריכלי ברמה מאד (מטבח משודרג, מקלחות, אריכים ,ברזים ) הכל החולף ושודרג.
בבניין חדש ומפנק ",
יהוד מונוסון,דירה,5 חד׳,"151 מ""ר",תמר,1,נווה אפרים,3790000,6,קומה 10 מתוך 19,TRUE,FALSE,FALSE,TRUE,חדש מקבלן,TRUE,TRUE,FALSE,TRUE,מיידי,לא צויין,,"חדש - דירת 5 חדרים למכירה בנווה מונסון דירה 151 מ""ר +מרפסת , 5 חדרים, קומה 10 מתוך 19.
בבניין חדש מקבלן, שכונה טובה ושקטה במיקום מרכזי.
דירה גדולה, מוארת, מעוצבת ומתוכננת היטב לפינוק ונוחות.
נוף פתוח לכיוון צפון מערב.
תריסים חשמליים וחלונות אטומים לרעש, במרפסת חשמל מים וגז.
מטבח מעוצב, גדול ומשודרג. 
3 חדרי רחצה סוויטת הורים ענקית יחידת מתבגר עם חדר רחצה צמוד ריצוף דמוי דק.
חניה+ מחסן.
בשכונה יש גני ילדים בתי ספר ופארק.
כניסה מיידית.",
יהוד מונוסון,דירה,5 חד׳,"173 מ""ר",תמר נוה אפרים,9,נווה אפרים,4350000,9,קומה 14 מתוך 16,TRUE,FALSE,FALSE,TRUE,שמור,TRUE,FALSE,FALSE,TRUE,גמיש,ארון קיר יוקרתי 3 מ' של Kloss בחדר הורים.,,"מיני פנטהאוז, קומה 14 מ-16, חזית, נוף מרחבי פתוח לכיוון מונוסון (תמיד יישאר פתוח), מטבח משודרג, מקלחת הורים משודרגת, מרפסת שמש 42 מ""ר מעוצבת, 2 חניות תת קרקעיות נפרדות, מחסן גלריה ענקי. פינוי גמיש, מפרטי, ללא תיווך. (אם אין מענה ניתן לשלוח וואטסאפ)",
יהוד מונוסון,דירה,3 חד׳,"70 מ""ר",העצמאות,29,מרכז העיר,2460000,0,קומה 8 מתוך 14,TRUE,FALSE,FALSE,TRUE,חדש,TRUE,FALSE,FALSE,FALSE,לא צויין,לא צויין,,"דירה מהממת הכוללת מטבח משודרג של אביבי, פרקטים בחדרים, שואב אבק מרכזי, מערכת בית חכם , מחסן וחניה מקורה",
תל-אביב-יפו,דירה,3,"68 מ""ר",בן סרוק,24, הצפון החדש סביבת כיכר המדינה ,3500000,2,קומה 1 מתוך 7,TRUE,TRUE,FALSE,FALSE,חדש מקבלן,FALSE,TRUE,TRUE,FALSE,45597,לא צויין,,הדירה ממוקמת באזור מרכזי ביותר בתל אביב (בין כיכר המדינה לרחוב אבן גבירול ) כיווני אוויר : מערב בעיקר . מסירת הדירה עד- 2024\12. מחיר אטרקטיבי,
תל-אביב-יפו,דירה,3,"87 מ""ר",חלמית,2, יפו ד ,2590000,0,קומה 6 מתוך 7,TRUE,FALSE,FALSE,FALSE,משופץ,TRUE,FALSE,TRUE,TRUE,לא צויין,לא צויין,,"דירת 3 חדרים, ממ""ד, מרפסת שמש, חניה בטאבו, מעלית, דירה משופצת, שני שירותים עם אבטיה ומקלחת, פרקט בכל הבית. קרובה למקומות מרכזיים כגון בי""ס, סופרים, רכבת קלה. מרחק נסיעה קצר לטיילת בת ים ומרכז יפו",
תל-אביב-יפו,דירה,3,"73 מ""ר",פינלס ,, הצפון החדש החלק הצפוני ,4280000,1,קומה 2 מתוך 7,TRUE,TRUE,FALSE,FALSE,חדש מקבלן,TRUE,TRUE,TRUE,TRUE,לא צויין,"מחפשים שירות וליווי אישי במקום ללכת לאיבוד בלוחות? היכנסו לאתר יש נדלן ותתרשמו ממגוון דירות בשיווק בלעדי, אמיתיות בלבד. נשמח גם לחזור אליכם עם הצעות רלוונטיות בהתאם לצרכים האישיים שלכם",,"ללא עמלת תיווך! בשיווק בלעדי אצלנו ביש נדלן. דירת 3 חדרים, 60 מר + 13 מר מרפסת שמש. מפרט יוקרה עשיר ורמת גימור איכותית. חניה תת קרקעית בטאבו. פרויקט בוטיק של תמא 38/2 (הריסה ובנייה) במיקום מבוקש, בסמטאות יהודה מכבי הציוריות, מרחק הליכה קצר מפארק הירקון. פרויקט יוקרתי של קבוצת יושפה, חברה מובילה בהתחדשות עירונית. ליווי בנקאי. יש מגוון דירות בפרויקט.",
תל-אביב-יפו,דירה,חדר אחד,"30 מ""ר",דיזנגוף,342, הצפון הישן החלק הצפוני ,2290000,0,קומת קרקע,FALSE,FALSE,FALSE,FALSE,שמור,TRUE,FALSE,FALSE,FALSE,לא צויין,מלא! נוף מדהים ומלא לים!!מושכרת במחיר גבוה,,"נוף מהמם לים!! בנין שמור וצבוע, אינטרקום וקוד כניסה",
תל-אביב-יפו,דירה,3.5,"98 מ""ר",טאגור רבינדרנארט,39, נוה אביבים ,4500000,0,קומה 1 מתוך 8,TRUE,FALSE,FALSE,FALSE,שמור,TRUE,FALSE,FALSE,FALSE,לא צויין,לא צויין,,"דירה מקסימה בגודל 98 מ""ר. 3.5 חדרים, יחידת הורים ועוד 2 חדרי מגורים. לא למתווכים!!!",
תל-אביב-יפו,דירת גן,3,"80 מ""ר",פינלס ,, הצפון החדש החלק הצפוני ,5600000,1,קומת קרקע,TRUE,TRUE,FALSE,FALSE,חדש מקבלן,TRUE,TRUE,TRUE,TRUE,לא צויין,"מחפשים שירות וליווי אישי במקום ללכת לאיבוד בלוחות? היכנסו לאתר יש נדלן ותתרשמו ממגוון דירות בשיווק בלעדי, אמיתיות בלבד. נשמח גם לחזור אליכם עם הצעות רלוונטיות בהתאם לצרכים האישיים שלכם",,"ללא עמלת תיווך! בשיווק בלעדי אצלנו ביש נדלן. דירת גן, 3 חדרים, 80 מר + 37 מר גינה בטאבו. מפרט יוקרה עשיר ורמת גימור איכותית. חניה תת קרקעית בטאבו. פרויקט בוטיק של תמא 38/2 (הריסה ובנייה) במיקום מבוקש, בסמטאות יהודה מכבי הציוריות, מרחק הליכה קצר מפארק הירקון. פרויקט יוקרתי של קבוצת יושפה, חברה מובילה בהתחדשות עירונית. ליווי בנקאי. יש מגוון דירות בפרויקט.",
תל-אביב-יפו,דירה,4,"125 מ""ר",בית אל,41, נוה שרת ,4700000,0,קומה 15 מתוך 17,TRUE,FALSE,FALSE,TRUE,חדש,TRUE,FALSE,TRUE,TRUE,לא צויין,לא צויין,,"מיני פנטהאוס, נוף משגע של שדה ופרדס פתוח לצפון מזרח, מרפסת מקורה וגדולה, מיוחדת, שקטה, יפיפיה. ארונות גדולים בחדרים, מעוצבת, חלונות גדולים. שתי חניות ומחסן גדול",
תל-אביב-יפו,דירה,4,"104 מ""ר",בורלא יהודה,12, תוכנית ל ,5480000,0,קומה 1 מתוך 5,TRUE,FALSE,TRUE,FALSE,משופץ,TRUE,FALSE,FALSE,TRUE,לא צויין,לא צויין,,"בשכונה מעולה בצפון תל אביב עם קאנטרי ושרותים קהילתיים במרחק הליכה קצר. דירת 4 חדרים כולל חניות. מונגשת חלקית, מעלית, מעברי דלתות ומקלחת ושרותים מאוחדים. חדר שינה גדול ועוד שני חדרי ילדים. סלון מרווח ומואר מאוד. והסוכריה:הבניין מתאים לתמ""א 2 ויש הסכמת דיירים חתומה לכך ועורך דין מלווה. טרם נסגר עם היזם. הדירה מושכרת ועומדת למכירה על ידי יורשי המנוחה. -ללא תיווך-קרא עוד",
תל-אביב-יפו,דירה,4,"106 מ""ר",הלוטוס ,, עג'מי ,3550000,9,קומה 2 מתוך 4,FALSE,FALSE,TRUE,FALSE,משופץ,TRUE,TRUE,TRUE,FALSE,גמיש,לא צויין,,"דירת 4 חדרים ענקית ומשופצת עם 2 מרפסות בעג'מי- ברחוב פסטורלי באזור מבוקש ביפו - עג'מי (רחוב הלוטוס)- דירה ענקית עם 3 חדרי שינה, 2.5 חדרי רחצה, 2 מרפסות שמש- מרחק הליכה קצר מחוף הים ומשוק הפשפשים- בבניין משופץ ויפה עם כניסה יפה ודלת עם קוד.- מוקף בבניינים עם הרבה אופי ועצים פורחים- 106 מ""ר בטאבו + 9 מייר מרפסות שמש- תקרות גבוהות- קומה 2- מטבח-סלון עם הרבה מקום ואור- ממד-מחסן",
תל-אביב-יפו,דירת גן,3.5,"105 מ""ר","ציהתל""י ",, צהלון ושיכוני חסכון ,4000000,19,קומת קרקע,TRUE,TRUE,FALSE,FALSE,חדש,TRUE,FALSE,TRUE,TRUE,גמיש,לא צויין,,דופלקס קרקע בפרוייקט יאנג בשכונת צהלון  דירה מעוצבת בצורה אופטימלית ויפה. שתי חצרות פטיאו בשטח של כ30מר. כמו שניתן לראות בתמונות הדירה ברמת גימור גבוהה מאוד ,
תל-אביב-יפו,דירה,2,"65 מ""ר",וינגייט,5, יד אליהו ,3300000,0,קומה 25 מתוך 30,FALSE,FALSE,FALSE,TRUE,חדש מקבלן,TRUE,FALSE,TRUE,FALSE,לא צויין,לא צויין,,פרוייקט upper house של גינדי,
תל-אביב-יפו,דירה,4,"87 מ""ר",יפת,201, יפו ג ,2750000,5,קומה 2 מתוך 6,TRUE,FALSE,FALSE,TRUE,חדש,TRUE,TRUE,TRUE,TRUE,מיידי,ללא,,"מציאה לזריזים דירה 4 חד' ברחוב יפת קרוב לים 
דירה עברה שיפוץ מלא כולל חשמל ואינסטלציה מטבח חדש שהוזמן ויותקן בקרוב ,הבניין מסיים עוד כ 4 חודשיים תמ""א 38 
קיים בנכס 2 שירותים מקלחת ואמבטיה  יש גם מחסן כ 4.5 מ""ר בטאבו
אפשר כבר להתגורר בנכס או להשכיר",
תל-אביב-יפו,דירה,4.5,"123 מ""ר",אבידן דוד ,, המשתלה ,4900000,2,קומה 5 מתוך 0,TRUE,TRUE,FALSE,TRUE,לא צויין,TRUE,TRUE,TRUE,FALSE,גמיש,לא צויין,,"בפרויקט שרביב שקטה ומרווחת, קומה גבוהה, נוף פתוח, שמורה מצב מעולה, 2 חניות בטאבו, מחסן, שומר 24/7, בכירה וחדר כושר, מספר נכס: 6086714",
תל-אביב-יפו,דירה,3,"70 מ""ר",בזל ,, הצפון הישן החלק הצפוני ,3800000,8,קומה 2 מתוך 4,FALSE,FALSE,TRUE,FALSE,לא צויין,TRUE,FALSE,FALSE,FALSE,גמיש,לא צויין,,"דירת 3 חדרים משופצת ליד רחוב בזל דירה נדירה חדשה למכירה במיקום הכי חם בצפון הישן ליד רחוב בזל ליד שדרות נורדאו, מרחק הליכה קצר מחוף הילטון 2 חדרי שינה 1.5 חדרי רחצה נרשמה בצורה מסודרת בטאבו 70 מטר קומה 2 ללא מעלית במצב מצוין הבניין עבר שיפוץ חיצוני כיווני אוויר: סלון פונה למזרח, חדרי שינה - צפון ומטבח צפון-מערב הדירה מושכרת כיום (אפשרות פינוי בעוד 3 חודשים) מחיר 3.8 מיליון ש""ח",
תל-אביב-יפו,דירה,5.5,"120 מ""ר",הזמיר,9, קרית שלום ,3700000,0,קומה 2 מתוך 2,FALSE,FALSE,TRUE,TRUE,שמור,TRUE,FALSE,FALSE,FALSE,מיידי,לא צויין,,בנוי 120 בטאבו חצר 40 מטר מחסן 12 מטר ללא תיווך בבקשה לא להתקשר,
תל-אביב-יפו,דירה,3,"73 מ""ר",עזרא הסופר,16, כרם התימנים ,3945000,4,קומת קרקע,FALSE,FALSE,TRUE,FALSE,משופץ,TRUE,FALSE,FALSE,FALSE,מיידי,"מעוניינים לדעת כמה הנכס שלכם שווה? פנו אליי להערכת שווי נכס בחינם תוך 24 שעות, עמית דור בוקר - מומחה נדלן בכיר0559904643",,"
עזרא הסופר 16 100 מטר מהים!
-בכרם התימנים המבוקשת
חם חם למשקיעים ומפעילי Airbnb הדירה בעלת חשבון airbnb ותיק עם מוניטין!
* דירת 3 חדרים כ - 70 מ״ר.
* חדר שינה, סלון, שירותים מקלחת ומטבח
*חדר שינה מאסטר עם שירותים ומקלחת 
* משופצת
* קומת קרקע (עולים 4 מדרגות)
*מוארת ומאווררת.
*כיווני אוויר מעולים.
* מיזוג",
תל-אביב-יפו,דירה,4,"108 מ""ר",ליפסקי לואי ,, הצפון החדש סביבת כיכר המדינה ,6990000,7,קומה 2 מתוך 8,TRUE,TRUE,FALSE,TRUE,חדש מקבלן,TRUE,TRUE,TRUE,TRUE,מיידי,לא צויין,,"מדהימה! בבניין חדש בפרויקט יוקרתי ברח' ליפסקי , דירת 4 חד' מפוארת ןמרווחת (כ-108 מ""ר), מרפסת שמש מפנקת 12 מ""ר), עורפית ושקטה, 3 כיווני אוויר: דרום/מזרח/צפון, מאסטר הורים מרווח עם יציאה למרפסת, 2 דירות בלבד בקומה, מפרט טכני עשיר, סטנדרט בנייה גבוה, המון ירוק מסביב, חנייה תת קרקעית במיקום הטוב ביותר מול הכניסה, מחסן צמוד לחנייה.",
תל-אביב-יפו,דירה,3,"100 מ""ר",הנביאים ,, הצפון הישן החלק הדרום מזרחי ,7500000,10,קומה 3 מתוך 3,FALSE,TRUE,TRUE,FALSE,משופץ,TRUE,TRUE,FALSE,FALSE,גמיש,לא צויין,,"דירת גג יפיפיה ומהממת ברחוב הנביאים.במיקום מושלם ליד שדרות חן, הבימה, קינג ג'ורג, שלמה .המלך, כיכר מסריק, דיזנגוף סנטר ומרחק קצר מהים.3 חדרים מרווחת ומשופצת עם המון חלונות גדולים.מסתכלת לנוף ירוק ומלא עצים.תקרות גבוהות (3מר גובה).100 מר בנוי + 50מר מרפסת גג בטאבו.קומה 1: סלון מרווח פתוח למטבח עם ויטרינה גדולה + חדר שינה + חדר אמבטיה.קומה 2: חדר שינה מאסטר עם חדר אמבטיה + מרפסת גג יפיפיה פונה לירוק ולעורף.קומה 3 ללא מעלית.חניה משותפת בבנין.זכויות הגג משוייכים לחלק היחסי של הדירה",
תל-אביב-יפו,דירה,4,"55 מ""ר",יפת,57, מרכז יפו ,1975000,7,קומת קרקע,FALSE,FALSE,FALSE,FALSE,ישן,FALSE,FALSE,FALSE,FALSE,מיידי,ללא,,"מפרטי לא תיווך! למכירה דירה בבניין לשימור, נבנה בתקופה האותמנית, רישום הנכס בחברה משכנת(עמידר). בדירה 4 חדרים. ממוקמת במרכז יפו על רחוב יפת(57) . קרובה לאנדרומדה והבית הסקוטי. דרוש שיפוץ, מומלץ לראות את הנכס ובמקרה שיש עניין, ניתן להגיש הצעת רכישה כתובה. טלפונים לאחר השעה 14:00",
תל-אביב-יפו,דירת גג,3.5,"138 מ""ר",החלוצים,49, פלורנטין ,5850000,14,קומה 4 מתוך 4,TRUE,FALSE,FALSE,TRUE,משופץ,TRUE,TRUE,TRUE,FALSE,גמיש,מלא,,"מוכרים את הדירת גג מהממת שלנו! 
ברחוב שקט ונחמד עם עצים וגינה באזור הכי נחמד בשכונת פלורנטין. 

דירה יפה גדולה מאווררת ומאוד מוארת, 3 כיווני אוויר.  2 חדרי שינה מוארים ונעימים, אחד מהם משמש גם כממ״ד, שני שירותים ומקלחות, מרפסת  צמודה לסלון ומרפסת גג גדולה למעלה, עם חדרון צמוד (אנחנו השמשנו אותו כחדר כביסה)
משופצת ברמה ממש גבוה, פרקט איכותי מעץ מלא, מטבח חדש ויפיפה, מקלחות מעוצבות ומשופצות. יש דוד שמש. הדירה היחידה בקומה

באזור:
יש קאנטרי קלאב חדש ממש ליד הדירה ומרחק הליכה קצרה משוק לוינסקי ומהתחנה של הרכבת הקלה שתיפתח. 

ריהוט:
כוללת ריהוט בהתאם לצורך, מכשירי חשמל, תאורה יוקרתית ואיכותית, מאווררי תקרה  מערכת השקייה מותקנת בשתי המרפסות (ובמרפסת הצרפתית בחדר השינה)
ועוד (ניתן לראות בתמונות)...

ללא תיווך (כרגע) 🙂",
תל-אביב-יפו,דירה,5,"110 מ""ר",קורין עזרא ,, נוה חן ,2850000,0,קומה 1 מתוך 7,TRUE,FALSE,FALSE,FALSE,ישן,TRUE,TRUE,TRUE,FALSE,גמיש,לא צויין,,"בתהליך תמא מתקדם
עורפית ושקטה
צפי סיום שנה
מושכרת ב5000
מוסיפים ממ""ד ומרפסת שמש",
תל-אביב-יפו,דירה,2.5,"52 מ""ר",קהילת קנדה,20, יפו ד ,1950000,5,קומה 3 מתוך 4,FALSE,FALSE,TRUE,FALSE,משופץ,TRUE,FALSE,FALSE,TRUE,גמיש,לא צויין,,מתווכים נא לא ליצור קשר לא מעוניין ...!!! למי שמכיר את האזור פרוייקט פינוי בינוי שקיבל היתר בניה יוצא לדרך  בשנה הקרובה  . מקבלים דירה חדשה ודמי שכירות עד קבלת המפתח. בניין בוטיק מפואר 4 חדרים 90  מטר + חניה ומחסן ומרפסת 12 מטר בערך . אזור מתפתח בצמוד לרכבת הקלה,
תל-אביב-יפו,דירה,2.5,"69 מ""ר",מיטב,5, ביצרון ,3100000,11,קומה 3 מתוך 27,TRUE,TRUE,FALSE,FALSE,חדש,TRUE,TRUE,TRUE,TRUE,גמיש,מלא,,"בבניין חדש ומפואר של חברת תדהר, במפגש הרחובות מיטב ועמינדב - דירת 2.5 חדרים מושקעת, מרפסת שמש ריבועית (פונה לצפון מערב). מזגן מיני מרכזי, ממ""ד, דלתות פנדור, תריסים חשמליים, רשתות שקופות, ארונות ושטחי אחסון. חנייה פרטית תת קרקעית. שומר 24/7. 
4 מעליות. שטחי גינון ירוקים. אפשרות למכירת הדירה כולל מוצרי החשמל וריהוט.",
תל-אביב-יפו,פנטהאוז,5,"145 מ""ר",יד המעביר ,, הדר יוסף ,9700000,1,קומה 8 מתוך 8,TRUE,TRUE,TRUE,TRUE,חדש מקבלן,TRUE,TRUE,TRUE,FALSE,גמיש,לא צויין,,"פנטהאוז 5 חדרים מהמם ביופיו בפרויקט בוטיק חדש 
עם מרפסת גג מהממת לנוף של הפארק 
",
תל-אביב-יפו,דירה,3,"97 מ""ר",הרב ניסים ,, שיכון בבלי ,6650000,4,קומה 5 מתוך 30,TRUE,TRUE,FALSE,TRUE,חדש מקבלן,TRUE,TRUE,TRUE,TRUE,גמיש,"G-Mall Tel Aviv 1eme etage, nous nous parlons francais | G-Mall Tel Aviv 1nd floor, we speak English, French and Russian. אנו נמצאים בפארק צמרת בקניון G בקומה 1",,"בפרויקט פארק בבלי 2 האקסקלוסיבידירת 3 חד ייחודית.הדירה מרווחת ושטופת שמש, פרקט עץ מלא בחדרי השינה וחדר מאסטר חלומי.מטבח מפנק מאובזר במוצרי חשמל יוקרתייםמחסן, מרפסת וחניהדיירי המגדלים ייהנו מחדר כושר פרטי, חלל אירועים, טרקלין חורף, חדר טיפולים, בריכה חצי אולימפית ומפארק רחב ידיים המשתרע על כ-100 דונמים",
תל-אביב-יפו,דירה,3,"85 מ""ר",בן יהודה,36, לב תל אביב החלק המערבי ,5150000,5,קומה 1 מתוך 6,TRUE,FALSE,FALSE,FALSE,חדש מקבלן,TRUE,TRUE,TRUE,FALSE,45383,ללא,,"למכירה מפרטי (כותב המודעה), דירה 3 חדרים ברחוב בן יהודה 36, תל-אביב.

סטטוס – הדירה הינה במסגרת קבוצת רכישה.
איכלוס צפוי- קיץ 2024
מצב הפרויקט- בניין בנוי, קירות חוץ צבועים, דירות- ריצוף וקרמיקה בוצע. חלונות בשלבי התקנה. 
 
 
מחיר נדרש- 5,150,000 ₪
מחיר כולל העברת חשבון ליווי בנקאי מבנק ירושלים.

גודל הדירה – שטח בנוי 77 מטר\ שטח מרפסת 8.4 מטר
קומה 1, חזית לרחוב בן יהודה. 
 
ליווי פרויקט:
1.      בנק מלווה- בנק ירושלים
2.      משרד עו""ד- נשיץ, ברנדיס- עוד"" ארז ספיר
3.      מפקח – חברת אייל שריג בע""מ
4.      רו""ח מלווה- משרד האושנר-מלול הנדסה ושמאות מקרקעין בע""מ
5.      יזם ראשי- טוסי יזמות נדל""ן ( בעלים של קומת המסחר ו-4 דירות בבניין)",
תל-אביב-יפו,דירה,4,"110 מ""ר",אפטר יעקב,12, תוכנית ל ,5600000,8,קומה 2 מתוך 7,TRUE,TRUE,FALSE,FALSE,משופץ,TRUE,FALSE,FALSE,TRUE,גמיש,לא צויין,,"ללא תיווך. 
הדירה הכי יפה בלמד במקום הכי יפה בשכונה. מאוד שקטה, עורפית, משקיפה לגינה ומלא ירוק. עברה שיפוץ אדריכלי מלא (כולל חשמל וצנרת) ב2019, מוכנה למגורים. צופה לאיזור רחוב בראלי, ללא אוטובוסים ומעט מאוד רכבים. יש מרכז קניות ממש מתחת לדירה. הבניין מטופח ועבר שיפוץ משמעותי בשנים האחרונים, נראה מעולה. 
יש חניה משותפת ל4 בניינים ותמיד יש חניה, ניתן לחנות איפה שרוצים",
תל-אביב-יפו,דירה,4.5,"123 מ""ר",אבידן דוד ,, המשתלה ,4900000,2,קומה 5 מתוך 0,TRUE,TRUE,FALSE,TRUE,לא צויין,TRUE,TRUE,TRUE,FALSE,גמיש,לא צויין,,"בפרויקט שרביב שקטה ומרווחת, קומה גבוהה, נוף פתוח, שמורה מצב מעולה, 2 חניות בטאבו, מחסן, שומר 24/7, בכירה וחדר כושר, מספר נכס: 6086714",
תל-אביב-יפו,דו משפחתי,6.5,"208 מ""ר",דרזנר יחיאל ,, רמת אביב ג ,15000000,3,קומה 1 מתוך 1,FALSE,TRUE,FALSE,TRUE,לא צויין,TRUE,TRUE,TRUE,FALSE,גמיש,לא צויין,,"מס נכס: 5025110, במיקום שקט ומבוקש, נוף פתוח ""ירוק בעיניים"" ! גינה גדולה, מרתף עם כניסה נפרדת!!! 2 מרפסות, 3 חניות,",
תל-אביב-יפו,דירה,4,"71 מ""ר",ברזיל,16, רמת אביב ,4150000,0,קומת קרקע,FALSE,FALSE,TRUE,FALSE,משופץ,TRUE,FALSE,FALSE,FALSE,לא צויין,לא צויין,,"ברזיל 16 תל אביב, 71 מ״ר, 4 חדרים. מדובר באחד האזורים המבוקשים בתל אביב, הנמצא בגב קניון רמת אביב, וידוע כרחוב שקט ורגוע. מושכרת בכ7,600 ש״ח ! בביניין מתבצע פינוי בינוי בשלבים מתקדמים, לאחר שלב החתימות ואישור התב״ע !! צפי קבלת היתר בקרוב מאוד ! יזם-אקרו ותדהר, הידועים כמצויינים בתחום! דירה משופצת ושמורה בקפידה רבה ! תמורה לאחר הפינוי בינוי-31 מ״ר נוספים+מחסן+חניה+מרפסת כ20 מטר +קומה גבוהה!קרא עוד",
תל-אביב-יפו,דירה,3,"85 מ""ר",גוש חלב,22, הצפון הישן החלק המרכזי ,5450000,7,קומה 1 מתוך 4,TRUE,TRUE,FALSE,FALSE,משופץ,FALSE,FALSE,FALSE,FALSE,גמיש,לא צויין,,",עסקה מעולה,למכירה במיקום הכי מבוקש בצפון הישן,רחוב חולדה גוש חלב,דירה מהממת,85 מטר,3 חדרים,משופצת אדריכלית,מושקעת מאוד,3 כיווני אוויר,מוארת מאוד,שקטה,קרובה להכול,חניה משותפת,יש מעלית,גמישות במחיר",
רעננה,דירת גן,5,139,עלי מוהר,9,נווה זמר,5555555,4,קומת קרקע,TRUE,TRUE,FALSE,TRUE,חדש מקבלן,TRUE,FALSE,TRUE,FALSE,מרץ-25,ללא,2,דירת גן בפרוייקט יוקרתי בבניין בוטיק רק 12 דירות. מפרט טכני מאוד עשיר. 139 מ''ר בנוי עם גינה של 60 מ''ר. כניסה ומסירת הדירה : 03/2025 תיווך משה סידי,
רעננה,דירה,4,103,רימלט אלימלך,4,לב הפארק,3150000,6,קומה 3 מתוך 3,TRUE,TRUE,FALSE,FALSE,שמור,TRUE,TRUE,TRUE,FALSE,גמיש,ללא,7,"בקצה רעננה, צופה על השדות דירת 4 חדרים למכירה! בלב הפארק - רחוב רימלט 85 מ""ר בנוי (103 בארנונה) מרפסת ממד חניה קומה 3 מתוך 3 בבניין בוטיק בן 6 דיירים בלבד זכויות לבנית 40 מ""ר נוספים על הגג! לפרטים נוספים ותיאום ביקור: עמית טל הנדלן החברתי של קלר ווילאמס,",
רעננה,דירה,3,105,עגנון,None,מרכז דרום,2690000,9,קומה 2 מתוך 4,TRUE,TRUE,FALSE,FALSE,שמור,TRUE,TRUE,FALSE,TRUE,מיידי,לא צויין,None,דירת 3 חדרים ענקית עם מרפסת שמש ונוף פתוח כוללת יחידת הורים עם מקלחת שירותים וחדר ארונות בניין מטופח ברחוב מצויין וחד סיטרי,
רעננה,דו משפחתי,3.5,100,הגליל,None,קרית דוד רמז,5190000,3,קומת קרקע,FALSE,TRUE,FALSE,TRUE,ישן,TRUE,FALSE,FALSE,TRUE,גמיש,לא צויין,2,"חדש למכירה בבלעדיות.ברחוב הגליל רעננה, במיקום מנצח מול גינה ירוקה ושקטה.בית דו משפחתי 100 מ""ר עם מגרש של 235 מ""רזכויות בנייה נרחבות.3 כיווני אוויר - צפון מזרח דרום.",
רעננה,דירה,4,100,בורוכוב,28,קרית דוד רמז,2900000,7,קומה 2 מתוך 5,TRUE,FALSE,FALSE,FALSE,משופץ,TRUE,FALSE,FALSE,TRUE,גמיש,"דירת 4 חדרים , יש בדירה ארון בחדר ילדים, שולחןפינת אוכל עם 4 כסאות. שידה במטבח ובסלון.",8,"למכירה, דירה, 4 חדרים, קומה 2, ברעננה, משופצת. כוונים מזרח וצפון. חדר שינה עם שירותים צמודים וחדר ארונות. הדירה פונה לרח חנקין, שקטה מאד. מרפסת שירות למטבח",
רעננה,בית פרטי,7.5,280,ידין יגאל,1,מרכז דרום,6690000,5,קומת קרקע,FALSE,TRUE,FALSE,FALSE,משופץ,TRUE,TRUE,TRUE,TRUE,מיידי,לא צויין,9,"מפרטי. בית דו משפחתי עם גינה שטופת שמש ממוקם ברחוב הולנדי ללא מוצא שקט. דקות הליכה מהמרכז. בקרבת סופר, בתי קפה ובתי ספר . 6 חדרי שינה מרווחים כולל אחד בקומת קרקע ואחד בעליית הגג 4 שירותים 3 מקלחות. עיצוב אדריכלי כפר בעיר - לבוא ולהכנס אחרי שיפוץ כללי. למהירי החלטה ללא תיווך",
רעננה,דו משפחתי,6,160,"ביל""ו",None,מרכז דרום,5950000,5,קומת קרקע,FALSE,FALSE,FALSE,FALSE,לא צויין,FALSE,FALSE,FALSE,FALSE,לא צויין,לא צויין,None,קוטג שלןשה כיווני אוויר בקומת כניה סלון + פינת אוכל שרותי אורחים ומקלט בקומה השניה ארבע חדרי שינה אחד מהם יחידת הורים חדר נוסף בעלית הגג,
רעננה,דירה,5,138,None,None,קרית דוד רמז,4450000,4,קומה 4 מתוך 6,TRUE,TRUE,FALSE,TRUE,חדש,TRUE,TRUE,TRUE,TRUE,גמיש,לא צויין,None,"רוצים לגור 5 דקות ממרכז העסקים של רעננה? ועוד ברחוב אהוב במיוחד? ועוד בדירה “מפנקת” הכי מיוחדת משודרגת ויפה שיש ? . אז הנה היא הדירה : 5 חדרים מתוכננת נפלא, מחולקת ל 2 אגפים. יחידת ההורים נדירה בגודלה. 3 חדרי שירות הדירה חדשה בת שנתיים, עם מרפסת נאה בגודלה, . הדירה מוארת ומאווררת. יושבים במרפסת עם פרטיות רבה. ממש לא מרפסת מול מרפסת. מחסן גדול וחניה המשוייכים לדירה מועד הפינוי גמיש ביותר, מתי שתרצו תקבלו את הדירה. 7519 : מספר הנכס באתרי עליזה נכסים עם הנכסים המיוחדים",
רעננה,דירה,5,126,אחד העם,None,לסטר,3850000,2,קומה 5 מתוך 7,TRUE,TRUE,FALSE,FALSE,חדש מקבלן,TRUE,TRUE,TRUE,TRUE,מיידי,לא צויין,13,דירה חדשה מהקבלן באזור מבוקש . 5 חדרים .מרווחת ומוארת 3 כוייוני אויר מערב מזרח וצפון מרפסת שמש 2 חדרי אמבטיה ו3 שירותים מעלית. חניה במכפיל קומה גבוהה,
רעננה,בית פרטי,9.5,350,הורד,35,2005,8200000,1,קומה 4 מתוך 4,FALSE,TRUE,FALSE,TRUE,שמור,TRUE,TRUE,TRUE,FALSE,גמיש,ללא,11,"בית גדול מאוד , 3 כיווני אוויר , 2 מרפסות גדולות",
באר שבע,דירה,5,148,עוזי נרקיס,8,רמות ב,1890000,4,קומה 3 מתוך 5,TRUE,TRUE,FALSE,FALSE,משופץ,TRUE,TRUE,TRUE,TRUE,גמיש,ללא,3,"מה זמן אתם כבר מחפשים דירת 5 חדרים למכירה ברמות? אז מצאתם! והבונוס: ללא תיווך! דירה יפיפיה, בנויה 8 שנים של אביסרור. מתחם מושלם, מושקע ומטופח. קרוב להכל! אבל שקט. ברחוב עוזי נרקיס. > קומה 3 >148 מ""ר בארנונה >חניה פרטית > חימום מים בגז >יחידת הורים עם שירוקלחת+חדר ארונות >יחידת מתבגר עם שירוקלחת בכניסה לדירה. >מחסן קטן למכונת הכביסה והמייבש בנפרד מהמקלחת המרכזית.! מקלחת מרכזית גדולה ומרווחת. >נוף פתוח לכל באר שבע > פינת אוכל מוגדרת >2 דיירים בקומה ללא קירות משותפים! פשוט תפור למשפחות שמחפשות דירה מרווחת בתכנון מושלם! וכל זאת: ללא תיווך!",
באר שבע,דירה,3,110,נחל קדרון,46,ב,1380000,0,קומה 6 מתוך 10,TRUE,FALSE,FALSE,FALSE,משופץ,FALSE,FALSE,TRUE,FALSE,לא צויין,לא צויין,,None,
באר שבע,דירה,2.5,50,וינגייט,None,ג,690000,0,קומה 2 מתוך 3,FALSE,FALSE,FALSE,FALSE,שמור,FALSE,FALSE,FALSE,FALSE,לא צויין,נמכרת עם ריהוט,3,"מיקום מעולה! במתחם לפנוי בנוי ( דירה במצב מעולה מושכרת ב2100 ש""ח עד אוקטובר לאותו דייר כבר שנתיים. הדירה במיקום מדהים! מזגנים חדשים, ארון ומיטה מלפני שנה.",
באר שבע,דירה,3,65,הרב סוסו יוסף,None,ד,780000,4,קומה 2 מתוך 3,FALSE,FALSE,FALSE,FALSE,שמור,FALSE,FALSE,FALSE,FALSE,לא צויין,נמכרת עם ריהוט,3,"הפרמטר החשוב ביותר לשים עליו דגש שרוכשים נדל""ן זה הלוקיישיין וכאן? המיקום מנצח! מרחק של 3 דקות לשער רגר של אוניברסיטת בן גוריון 5 עד 10 דקות מכל מקומת הבילוי של הסטודנטים. דירה במצב מעולה! מושכרת לזוג ב2750 ש""ח עד ספטמבר 2023 חוזה שכירות עם אופציה ועליה של 7 אחוז עד ספטמבר 2024.",
באר שבע,דופלקס,6,234,פיקרד,23,רמות ב,2800000,6,קומה 2 מתוך 2,TRUE,FALSE,TRUE,TRUE,שמור,TRUE,FALSE,TRUE,TRUE,לא צויין,לא צויין,3,"נטהאוז שתי קומות מעוצב מהמם, ארבעה חדרים + סוויטת הורים גדולה, מטבח ענק, אי בוצ״ר מדרגות עץ בבית נגרות מושקעת 3 שירותים ושתי מקלחות בית מושלם, מתווכים לא לחייג בבקשה",
באר שבע,דירת גן,5,160,בורג יוסף,1,נווה זאב,2950000,13,קומת קרקע,TRUE,FALSE,TRUE,TRUE,משופץ,TRUE,FALSE,TRUE,TRUE,לא צויין,לא צויין,3,"דירת גן מהממת ומושקעת בשכונה הכי מבוקשת צמוד לגני ילדים בתי ספר ומרכז מסחרי. הדירה הינה 5 חדרים אך שופצה ל4 כל הבית משודרגת, ריצופים, מטבח, כלי סנטרים, גינה מושקעת, יחידת הורים ענקית. ללא תיווך מתווכים נא לא לחייג תודה!",
באר שבע,דירה,4,85,רחבת יבנה,None,ט,940000,0,קומת קרקע,FALSE,FALSE,TRUE,FALSE,שמור,TRUE,FALSE,FALSE,FALSE,מיידי,חלקי,3,"למכירה בשכונה ט' ברח' רחבת יבנה. דירה מרווחת בעלת 4 חדרים. 85 מ""ר. קומת קרקע. מקלחת ושירותים משופצים, בית במצב שמור מאוד. 3 מזגנים. מקלט בבניין. פינוי מיידי.",
באר שבע,דירה,4,167,בית אל,None,ט,2150000,0,קומה 17 מתוך 24,TRUE,FALSE,FALSE,FALSE,משופץ,FALSE,FALSE,FALSE,TRUE,לא צויין,לא צויין,3,"שכונה ט' ברח' בית אלבגראנד אביסרור (בית אל 2)דירת 4 חדרים 167 מ""ר קו' 17/24משודרגת (מטבח ריצוף דלתות)נמכרת בפינוי מיידי ואיכלוס ראשון (מעולם לא גרו)עם מחסן וחנייהמרפסת עם נוף מטורף על כל העירשיווק 2,150,000 ש""ח",
באר שבע,דירה,3.5,74,רוקח ישראל,13,יא,920000,0,קומת קרקע,TRUE,FALSE,TRUE,FALSE,שמור,TRUE,FALSE,FALSE,TRUE,לא צויין,לא צויין,3,דירה גדולה מעלית בבניין אופציה ל4 חדרים מלאים מיקום מושלם ויפה בגבעת ורד,
באר שבע,דירה,3,80,רחבת אלכסנדרוני,13,ו,970000,0,קומה 3 מתוך 3,FALSE,FALSE,FALSE,FALSE,משופץ,TRUE,FALSE,TRUE,FALSE,לא צויין,לא צויין,3,"דירה יפיפיה משופצת מהיסוד! ללא מגורים בדירה לאחר השיפוץ. מטבח חדש בניית נגר, שיש גרניט פורצלן. שירותים אסלה נאה , כל הבית אינטרפוץ ומקלחת חדש. כל הבית ריצוף חדשני. דלתות פנים פנדור חדשות לחלוטין, דלת פלדלת חדשה. בית ששוה לקחת ולגור איזור שקט ליד קניון אביה הליכה של 2 דקות. קוו אוטובוס מתחת לבית לכל קצבות העיר. קרוב לאיזור הקהילה החרידיתקרא עוד",
באר שבע,דירה,4,76,שמשון,26,ה,770000,5,קומה 4 מתוך 4,FALSE,FALSE,TRUE,FALSE,משופץ,TRUE,FALSE,FALSE,FALSE,מיידי,לא צויין,,"שכונה ב׳ אזור מצוין וספור שכיר צמוד לשכונת הסנטרל פארק החדשה דירת 3 חדרים במקור,76 מטר שמחולקת ל-2 יחידות דיור מרווחות ומסודרות. שופץ לפני 5 שנים הכל במצב חדש לגמרי בניין מסודר ונקי כרגע יחידה אחת מושכרת ב2000 ש׳׳ח.",
כפר סבא,דירה,4,119,המייסדים,20,קריית ספיר,2900000,10,קומה 1,TRUE,TRUE,FALSE,FALSE,שמור,TRUE,FALSE,FALSE,FALSE,דצמ-23,ללא,,"למכירה ללא תיווך: דירת 4 חדרים מרווחת ברחוב המייסדים במרכז כפר סבא. מיקום מרכזי עם קירבה לקניון ערים, חנויות, קריית ספיר ולשוק. הדירה בגודל 119 מ""ר מוארת, כוללת חדרי שינה גדולים וחלל ציבורי מרווח במיוחד של סלון, מטבח ופינת אוכל. שופצה לחלוטין לפני 15 שנה (כולל צנרת) ושמורה במצב מצויין. חנייה בטאבו. פינוי בסוף 2023.",
כפר סבא,דירה,4,115,קדושי קהיר,11,סביוני הכפר,3720000,6,קומה 3,TRUE,TRUE,TRUE,TRUE,שמור,TRUE,TRUE,TRUE,FALSE,גמיש,חלקי,1,"מפרטי- נוף לפארק גדול וירוק, מוארת ושקטה, בניין בוטיק. סלון מואר בכיוון מזרח עם מרפסת שמש, חנייה כפולה מקורה ומחסן. במרחק הליכה מקניון הירוקה וקניון ערים, בי""ח מאיר, קרוב ליציאה לכביש 4 ו- 531.",
כפר סבא,דירה,5,143,רוטשילד,16,מרכז העיר דרום,3450000,13,קומה 2,TRUE,TRUE,FALSE,FALSE,משופץ,TRUE,FALSE,FALSE,FALSE,נוב-23,מלא,8,"https://dira.internetido.com/ למכירה (ללא תיווך)  דירת 5 חדרים ענקית ומשופצת, 143 מ״ר. הדירה שופצה בצורה יסודית לפני 16 שנה, בליווי ארכיטקטית  כולל צנרת מים, חשמל וחלונות זכוכית בידודית. עורפית ושקטה, פונה לריאה ירוקה, כיווני אוויר  מזרח ודרום. מיקום מעולה בחלק העליון והמוצל של רח? רוטשילד, קרוב מאד לגנים, לבית ספר אוסישקין וסופרמרקט. סוויטת הורים גדולה, מטבח מודרני ומרווח כולל משטח שיש גדול ואי מעץ. חלל מרכזי גדול כל הפרטים בלינק הבא: https://dira.internetido.com/",
כפר סבא,דירה,6,161,מנור אהוד,2,הזמר העברי,4850000,10,קומה 1,TRUE,FALSE,TRUE,TRUE,משופץ,TRUE,FALSE,TRUE,FALSE,גמיש,לא צויין,15,"*מפרטי* *כרגע בבקשה מתווכים- נא לא לפנות * דירת 6 חדרים מהממת, צפונית ולכן מוארת ומאווררת כל ימות השנה, עורפית ופונה לשביל פנימי, שקטה, שמורה לאחר שיפוץ, מרווחת מאד, יחידת הורים ענקית, מטבח משודרג קסום, מיקום מעולה, שכנים מהממים. בקיצור מוזמנים להתרשם. מחיר גמיש, פינוי גמיש",
כפר סבא,דירה,4,100,דובה ויצחק שיינפיין,8,השכונה הירוקה,3850000,4,קומה 5,TRUE,FALSE,TRUE,TRUE,חדש,TRUE,TRUE,TRUE,FALSE,גמיש,"דירת 4 חדרים, בניין בן פחות מ-5 שנים דירה מושקעת ומעוצבת אדריכלית. מזגנים מולטי בחדרים ויחידת מיזוג בסלון. מטבח משודרג, אי גדול, דלתות פנדור, סורגים שקופים, רשתות, ועוד..",16,מרפסת שמש פונה למערב,
כפר סבא,דירה,4,100,ארגוב סשה,7,הזמר העברי,3600000,4,קומה 2,TRUE,TRUE,TRUE,TRUE,חדש,TRUE,TRUE,TRUE,TRUE,גמיש,חלקי,18,"דירה מושקעת, שקטה ומוארת עם 3 כיווני אוויר - מזרח דרום וצפון; מטבח גדול במיוחד+מזווה' משודרג עם טריקות שקטות, אחסון, שטח עבודה בשפע; סלון מרווח ופתוח שפונה למרפסת מקורה, מוארת ונעימה כל עונות השנה. סוויטת הורים עם יחידת מיזוג נפרדת, מקלחת מוגדלת 2 חניות נפרדות רחוב שקט כמעט ללא תנועת רכבים, נוף ירוק שנותן פרטיות, במרחק הליכה קצר לגני שעשועים, בתי הספר, גני עירייה ולמרכז הקהילתי",
כפר סבא,דירה,3,75,ספיר,21,השכונה הירוקה,3060000,5,קומה 3,TRUE,TRUE,FALSE,TRUE,חדש,TRUE,TRUE,TRUE,TRUE,דצמ-23,מלא,22,"למכירה, מפרטי! דירה בבניין חדש בת 3 חדרים (75 מר) עם מרפסת בגודל 14 מר, 2 חניות ומחסן. הדירה מרוהטת לחלוטין כולל מכשירי חשמל, רק להגיע עם מזוודות. פינוי לקראת סוף השנה",
כפר סבא,דופלקס,4,96,בית הבד,9,הדרים,2690000,4,קומה 3,FALSE,TRUE,TRUE,FALSE,משופץ,TRUE,TRUE,FALSE,FALSE,נוב-24,חלקי,25,"מוכרים את דירתנו האהובה. דירת דופלקס מקסימה בשכונת הדרים המבוקשת בכפר סבא. 4 חדרים גדולים ומרווחים. בקומה הראשונה שני חדרים שינה גדולים, שירותים, מקלחת, סלון ומטבח. בקומה השנייה, קומת הורים,עם פינת עבודה,שירותים ומקלחת וכן גישה למרפסת. הדירה מושקעת ועברה שיפוץ יסודי: המטבח שופץ במלואו, אינסטלציה הוחלפה במלואה, פרקט בכל החדרים. כמו כן החלונות חדשים, תריס חשמלי בסלון ודלתות פנים חדשות וכן חנייה פינוי בנוב' 24. דירה מקסימה ונעימה. פרטי מכירה בפרטי. -לא מיועד לתיווך מטעמנו",
כפר סבא,דירה,3,78,ספיר,15,השכונה הירוקה,2790000,5,קומה 3,TRUE,TRUE,FALSE,TRUE,חדש,TRUE,TRUE,TRUE,TRUE,גמיש,לא צויין,9,"עצרו! יש פה הזדמנות מטורפת!חדש בשוק ובבלעדיותלמכירה בירוקה 80 , כפר סבאדירת 3 חד מקסימה2 חדרי רחצה מלאיםבניין חדש בן שנתייםמרפסת מפנקת פונה לצפון2 חניות מקורות ומחסן",
כפר סבא,דירה,4,100,חסידה,8,כפר סבא הצעירה,3070000,14,קומה 4,TRUE,TRUE,FALSE,TRUE,שמור,TRUE,TRUE,TRUE,TRUE,מיידי,ארונות קיר,28,"לגור בעיר ולהרגיש בקיבוץ!למכירה בשכונת האוניברסיטה בכפר סבא!דירה 4 חדרים פונה לשטח ירוק ופתוח, בסוף רחוב ללא מוצא. סביבה עם גני שעשועים, קאנטרי, פארק כפר סבא, בקרבת גני ילדים ובית ספר יסודי.שכונה קהילתית מקסימה למשפחות עם ילדים בכל הגילאים.קומה 4 מתוך 5.בניין בן 15.מטבח רגבה לבן, יחידת הורים וממ״ד.חניה ומחסן.",
נס ציונה,דירה,5 חד׳,"120 מ""ר",הפרדסים,4,וואלי (valley),3800000,5,קומה 3 מתוך 5,TRUE,TRUE,TRUE,FALSE,שמור,TRUE,TRUE,TRUE,TRUE,גמיש,ללא,1,"למכירה דירה מהממת בשכונת הוואלי, נס ציונה דירת5 חדרים מהממת עם מרפסת ונוף ירוק פונה לפרדסים דירה מרווחת מרפסת שמש נוף פתוח וירוק חניה מעלית ממד פרקט מיזוג מיני מרכזי יחידת הורים עם ארון קיר ענק וחדר רחצה מיקום הכי טוב בשכונה (מרחק הליכה לביה״ס, גנים, גינות) אזור שקט מאוד לפרטים נוספים וותאום סיור בדירה בתאום מראשקרא עוד",
נס ציונה,דירה,4.5 חד׳,"140 מ""ר",הגלים,4,הדרי סמל,4000000,7,קומה 1 מתוך 7,TRUE,FALSE,FALSE,TRUE,שמור,TRUE,TRUE,TRUE,FALSE,גמיש,לא צויין,4,"הדירה המהממת שלנו נמכרת...דירה 4.5 חדרים יפייפיה בשכונה הכי מבוקשת בנס ציונה, יחידת הורים בצד אחד של הבית ושאר חדרי ילדים בצד השני(כבר לא בונים ככה היום).מטבח מושקע עץ מלא פלוס אי מדהים ופרקטי,2 חדרי ארונות ענקיים, מרפסת מקסימה ויפייפיה...פשוט להיכנס ולגור. לרציניים בלבד !",
נס ציונה,דירה,3.5 חד׳,"81 מ""ר",מכבי,,מרכז העיר מערב,2290000,2,קומה 4 מתוך 5,TRUE,TRUE,FALSE,FALSE,משופץ,TRUE,FALSE,FALSE,TRUE,גמיש,לא צויין,38,"דירה 3.5 חדרים (חצי חדר גדול שניתן לשכן בו ילד), סלון ומטבח גדולים, מעלית. רחוב מכבי השקט והאיכותי. הדירה במצב מעולה ומושכרת.",
נס ציונה,דירת גן,5 חד׳,"130 מ""ר",לרר משה,,ארגמן,5950000,6,קומת קרקע,TRUE,TRUE,TRUE,TRUE,חדש,TRUE,TRUE,TRUE,TRUE,גמיש,חפש אותנו בפייסבוק &quot;טופ נדל&quot;ן&quot; שם מופיעים הרבה יותר פרטים ותמונות וכמו כן הנכסים מתפרסמים לראשונה שם...,60+,"דירת גן מהממת ויפה, סלון ופינת אוכל גדולים. דירה מושקעת הכוללת פרקט בכל הבית. תריסי גלילה חשמליים ומטבח ברמה גבוהה. 2 מחסנים, 2 חניות, בנין מפואר ויוקרתי. גינה 180 מ""ר מושקעת ומטופחת.",
חיפה,דירה,4 חד׳,"74 מ""ר",החשמל,13,נוה פז,1100000,0,קומת קרקע,FALSE,FALSE,TRUE,FALSE,שמור,TRUE,FALSE,FALSE,FALSE,לא צויין,לא צויין,12,דירה מעולה למשקיעים או למגורים ניתן לחלק,
חיפה,דירת גן,5 חד׳,"225 מ""ר",שמשון,35,אחוזה,3260000,10,קומת קרקע,TRUE,FALSE,FALSE,FALSE,חדש,TRUE,TRUE,TRUE,TRUE,מיידי,לא צויין,25,"מפרטי, ללא תיווך, באחוזה, נדירה - דירת גן בת 5 חדרים, מהממת, חדשה, ללא מדרגות, בעיצוב עכשווי, בבניין חדש עם לובי מפואר. בשכונה מבוקשת בסמיכות לבתי ספר וגנים ולה נגישות גבוהה.
הדירה בשטח בנוי של 130 מ""ר + 90 מ""ר גינה + מרפסת מקורה צמודה ליחידת הורים בשטח של 5 מ""ר, לדירה צמודה חניה פתוחה לצד הדירה.
לדירה יחידת הורים גדולה עם יציאה למרפסת, 3 כיווני אוויר, מפרט עשיר ורמת גימור גבוהה לרבות: ח",
חיפה,דירה,4 חד׳,"80 מ""ר",בורלא,,רמות רמז,1200000,2,קומה 8,FALSE,FALSE,FALSE,FALSE,ישן,TRUE,FALSE,FALSE,FALSE,לא צויין,חלקי,33,"בבלעדיות משרדנו
דירת 4חדרים פלוס מרפסת סגורה.
בקרבת הטכניון והאוניברסיטה.
נוף ים מרהיב
מעלית
אפשרות לשכירות עוברת
כבירי & רייזברג יעוץ נדלן משכנתאות ופיננסי
משרדנו :מוריה 30 חיפה",
חיפה,פנטהאוז,5 חד׳,"124 מ""ר",בשכונת,,,3980000,4,קומה 7 מתוך 7,TRUE,FALSE,TRUE,TRUE,חדש מקבלן,TRUE,TRUE,TRUE,TRUE,45292,לא צויין,32,"למכירה בפרויקט חדש ומרשים! פנטהאוז יוקרתי, שטוח ומפנק במיקום מרכזי שקרוב להכל ברגל. 5 חדרים כ- 124 מ""ר שטוח + מרפסת כ- 22 מ""ר מהסלון לתוך נוף ים פתוח. 2 חניות, ממ""ד, נגישות מלאה במעלית, יחידת הורים ומחסן. קרוב למרכז חורב, בתי קפה, מסעדות בתי ספר ותחבורה ציבורית. לפרטים נוספים חייגו אלינו - מירב שרביט נדל""ן. כתובת משרדנו - שדרות מוריה 30, חיפה.",
חיפה,דירת גן,5 חד׳,"286 מ""ר",חורב,43,גבעת דאונס,3300000,13,קומה 1 מתוך 6,TRUE,FALSE,FALSE,TRUE,חדש מקבלן,TRUE,FALSE,TRUE,TRUE,מיידי,לא צויין,14,"למכירה מפרטי, ללא תיווך! 
♦️דירת גן 5 חדרים, חדשה לגמרי, יפייפיה ומשודרגת.
♦️דירה יחידה בקומה, מרווחת ומוארת.
♦️בבניין בוטיק חדש ומפואר לאחר פינוי בינוי.
♦️121 מטר בנוי
♦️ 165 מטר גינה בטאבו (יציאות לגינה- מהסלון ומהמטבח). 
♦️נגישות מלאה, ללא מדרגות מהחניה. 
♦️בלב אחוזה, מרחק הליכה ברגל ממרכז חורב.
♦️יחידת הורים מפוארת, ממ""ד, חדרון מזווה, דוד שמש+ דוד חשמלי.
♦️חניה בחניון תת קרקעי ומחסן.
♦️מחיר אטרקטיבי לאזור.",
חיפה,דירה,3 חד׳,"81 מ""ר",בצלאל,15,גאולה,1170000,11,קומת קרקע,FALSE,FALSE,FALSE,FALSE,משופץ,TRUE,TRUE,FALSE,FALSE,גמיש,לא צויין,16,"2 5 6 3 3 3 3 3 5 0 טלפון לפרטים
מתווכים בבקשה לא להתקשר 
דירה 3 חדרים עם גינה לא בטאבו שופצה לפני 3 שנים...",
חיפה,פנטהאוז,5 חד׳,"140 מ""ר",בשכונת,,,4800000,4,קומה 6 מתוך 6,TRUE,FALSE,TRUE,TRUE,חדש מקבלן,TRUE,TRUE,TRUE,TRUE,45292,לא צויין,11,"למכירה בפרויקט חדש ומרשים! פנטהאוז יוקרתי, שטוח ומפנק במיקום מרכזי שקרוב להכל ברגל. 5 חדרים, אפשרי להפוך ל 6 או לעשות קליניקה נפרדת. כ- 140 מ""ר שטוח + מרפסת כ- 52 מ""ר מהסלון לתוך נוף ים פתוח. 2 חניות, ממ""ד, נגישות מלאה במעלית, יחידת הורים ומחסן. קרוב למרכז חורב, בתי קפה, מסעדות בתי ספר ותחבורה ציבורית. לפרטים נוספים חייגו אלינו - מירב שרביט נדל""ן. כתובת משרדנו - שדר",
חיפה,דירה,7 חד׳,"180 מ""ר",בשכונת,,,3300000,3,קומה 2 מתוך 6,TRUE,FALSE,TRUE,TRUE,חדש מקבלן,TRUE,TRUE,TRUE,TRUE,45323,לא צויין,9,"למכירה בפרויקט חדש ומרשים! דירה ענקית ומלאת פוטנציאל. במיקום מרכזי שקרוב להכל ברגל. כ- 180 מ""ר דו מפלסית + מרפסת כ- 14 מ""ר מהסלון. 7 חדרים עם אפשרות להפריד ליחידת דיור/ קליניקה בכניסה נפרדת. 2 חניות מקורות, ממ""ד, נגישות מלאה במעלית, יחידת הורים ומחסן. קרוב למרכז חורב, בתי קפה, מסעדות בתי ספר ותחבורה ציבורית. *התמונה להמחשה בלבד!!* לפרטים נוספים חייגו אלינו - מירב שרביט נדל""ן. כתובת משרדנו - שדרות מוריה 30, חיפה",
חיפה,דירה,5 חד׳,"100 מ""ר",זייד אלכסנדר,50,קרית חיים מזרחית,1450000,4,קומה 2 מתוך 3,FALSE,FALSE,FALSE,TRUE,משופץ,TRUE,TRUE,FALSE,FALSE,גמיש,לא צויין,3,"למכירה ברחוב אלכסנדר זייד המבוקש בק. חיים מזרחית , 
דירת 5 חדרים כ- 100 מ״ר בנוי+ חדר ארונות קטן + מרפסת מקורה של כ- 12 מ״ר .
3 כיווני אוויר מערב, דרום ומזרח . קומה 2/3 מחסן וחניה . 6 דיירים בבניין. 
דוד שמש חדש, מזגן מיני מרכזי+מזגן בכל חדר+מאוורר תק",
חיפה,דירה,3.5 חד׳,"100 מ""ר",הלל,36,הדר הכרמל,1195000,4,קומה 3 מתוך 3,FALSE,FALSE,TRUE,FALSE,משופץ,TRUE,TRUE,FALSE,FALSE,44866,חלקי,6,,
חיפה,דירת גן,4 חד׳,עסקאות באיזור (1000),בשכונת רמות,,,1150000,0,קומה 2 מתוך 3,FALSE,FALSE,FALSE,FALSE,משופץ,TRUE,TRUE,FALSE,FALSE,מיידי,לא צויין,18,"בקרבת הטכניון והאוניברסיטה, דירה מחולקת לשתי דירות, הדירות משופצות ומושכרות, יש יציאה לגינה- לא בטאבו, תשואה של 4000 ש״ח לחודש. אפשר לקבל יותר..
לפרטים נוספים ותמונות: קרן כהן",
חיפה,דירת גן,4.5 חד׳,"100 מ""ר","נעמ""ת",7,אחוזה,2250000,8,קומה 1 מתוך 3,FALSE,FALSE,FALSE,TRUE,שמור,FALSE,TRUE,FALSE,TRUE,גמיש,לא צויין,37,"דירת 4.5 חדרים כ-100 מ""רגינה 54 מ""ר + מרפסת 10 מ״רחניה ומחסן בטאבו!נוף ירוק ופתוח מהמרפסתבמצב שמור, נגישות נוחה בנין בוטיקבמיקום מרכזי ובקרבת בית ספר וגני ילדים",
חיפה,פנטהאוז,4 חד׳,"125 מ""ר",רציף פנחס,33,בת גלים,4400000,10,קומה 5 מתוך 5,TRUE,FALSE,FALSE,TRUE,שמור,TRUE,TRUE,TRUE,FALSE,גמיש,חלקי,32,"דירת גג דופלקס (קומות 4 ו- 5) כ- 90 מ""ר בבנין חדש על הטיילת של בת-גלים. קו ראשון לים. 4 כיווני אוויר. מרפסת ענקית כ- 35 מ""ר. נוף מרהיב ללא הפרעה של ים וכרמל מכל מרפסת וחלון. כמו אפשר להושיט יד ולגעת במים. מחסן. 
הבניין נמנה על 10 הבתים היפים ביותר בחיפה - https://www.colbonews.co.il/magazine/54619/.
בקרבת חוף הרחצה המוסדר, תחנת הרכבת, בי""ח רמב""ם ובי""ס לרפואה. 
אם אינני זמין בבקשה שלחו הודעת וואטסאפ ואחזור אליכם.",
חיפה,דירת גג,3.5 חד׳,"78 מ""ר",פבזנר,29,הדר הכרמל,2050000,10,קומה 9 מתוך 9,TRUE,FALSE,FALSE,TRUE,חדש,TRUE,FALSE,TRUE,TRUE,מיידי,לא צויין,21,"*לא למתווחים אז בבקשה מתווחים לא להתקשר * דירת פנטהאוז שתי קומות מדהימה כרגע מושכרת ב4000 ש""ח לחודש 78 מטר שתי חדרי שירותים נוף מדהים למפרץ חיפה ישנה סיפרה מעוצבת עם סולם מתגלגל הדירה עוצבה על ידי מעצבת פנים אם לא עניתי אני זמין בווטסאפ בכל שעה",
אילת,דירת גן,5,125,בני ישראל,19,שחמון,2550000,14,קומת קרקע,TRUE,TRUE,FALSE,TRUE,משופץ,TRUE,FALSE,TRUE,TRUE,גמיש,לא צויין,8,דירת גן משופצת ריצוף חדש מזגנים בכל חדר חדשים מיני מרכזי חדש חצר גדולה עיקפית ממוקם על הפארק קרוב לבתי ספר גנים סופר מאפיה איזור מעולה אופציה ליחידת דיור,
אילת,דירה,4.5,126,כיכר צנינית,1,מצפה ים,1790000,10,קומה 1 מתוך 12,TRUE,TRUE,FALSE,FALSE,משופץ,TRUE,TRUE,TRUE,FALSE,גמיש,לא צויין,8,"למכירה מפרטי ללא תיווך. דירה מיוחדת בשכונה הכי מבוקשת באילת 4.5 חדרים כ117 מ + 9 מ מרפסת. משופצת ברמה הגבוהה ביותר כולל יסודות: צנרת + חשמל (הרחבה לתלת פאזי), ריצוף 100*100, מטבח מפואר חדש, מזגן חדש בכל חדר, מקלחת ושירותים כפולים ומעוצבים. *אפשרות למכירה כולל התכולה. ביניין שמור עם חניה בשפע ושער חשמלי, קומה ראשונה (אין תלות במעליות). לדירה תכנון נוח ומרווח, אנרגיה טובה, מביאה איתה ברכה ;)",
אילת,דירת גן,4.5,134,"עין נטפים
",7,שחמון,2400000,1,קומת קרקע,TRUE,TRUE,TRUE,FALSE,שמור,TRUE,FALSE,TRUE,TRUE,גמיש,לא צויין,44,"דירה מעולה למגורים או להשקעה שכונה מבוקשת,דירה משופצת עם נוף, מחסן וחניה בטאבושולמו על משאבות מים חדשות לבניין ומעלית נוספת",
אילת,דירה,4,80,דקר,None,מצפה ים,1500000,4,קומה 8 מתוך 9,TRUE,TRUE,FALSE,TRUE,שמור,TRUE,FALSE,TRUE,TRUE,לא צויין,לא צויין,60+,"דירה מעולה למגורים או להשקעה שכונה מבוקשת,דירה משופצת עם נוף, מחסן וחניה בטאבושולמו על משאבות מים חדשות לבניין ומעלית נוספת",
אילת,דירה,4,None,חטיבת הנגב,1,אמדר,1385000,10,קומה 2 מתוך 8,TRUE,FALSE,FALSE,FALSE,שמור,TRUE,FALSE,FALSE,FALSE,גמיש,חלקי,60+,"המחיר ירד דרסטית !!!!, בצופית תחתית, בבניין משופץ מרווחת ומוארת 5 דקות מהים... חניה בשפע מתאימה למשקיעים... כל הקודם זוכה",
אילת,דירה,3.5,121,הנבטים,None,שחמון,1800000,8,קומה 8 מתוך 17,TRUE,TRUE,FALSE,FALSE,שמור,TRUE,TRUE,FALSE,FALSE,גמיש,לא צויין,60+,"נכס מספר: 9379, בבלעדיות חדשה ,דירה מהממת ומוארת בת 3.5 חדרים במתחם "" צוקי השמש "" !! בשכונת שחמון המבוקשת !במתחם יש חדר כושר ובריכה ! בניין מאוד מטופח ותמיד נקי !3 מעליות !קומה 8 מתוך 17 קומות.2 חדרי אמבטיה . חדר שירות .מטבח מרווח .סלון ופינת אוכל פונים לכיוון הים !!מרפסת גדולה פונה לכיוון הים וגם להרים !! נופים מדהימים !!חניה רשומה בטאבו .הדירה נמכרת עם כל התכולה. הדירה מתאימה למגורים וגם למשקיעים !!",
אילת,דירה,4,93,ששת הימים,2110,אורים,1550000,2,קומה 2 מתוך 7,TRUE,FALSE,TRUE,TRUE,שמור,TRUE,FALSE,FALSE,TRUE,גמיש,לא צויין,,למכירה דירה 4 חדרים ללא תיווך עם נוף לים,
אילת,קוטג',5,160,None,None,בשכונת גנים א,2200000,1,NaN,FALSE,TRUE,FALSE,FALSE,שמור,TRUE,TRUE,FALSE,FALSE,לא צויין,לא צויין,60+,"קוטג עם מרפסת ו נוף לים, שמור, מושכר",
אילת,בית פרטי,9,260,פומלה,None,שחמון,4900000,14,קומת קרקע,FALSE,FALSE,FALSE,FALSE,משופץ,TRUE,TRUE,TRUE,FALSE,לא צויין,לא צויין,,וילה שתי קומות 3 חד + 5 חד בקומה עליונה + שטח בגג . שני חד נוספים עם פוטנציאל ליחידה משופצת ומעוצבת,
אילת,דירה,4,114,חטיבת הנגב,27,None,בנה ביתך,7,קומה 1 מתוך 4,FALSE,FALSE,FALSE,FALSE,משופץ,TRUE,TRUE,TRUE,FALSE,גמיש,לא צויין,32,"מפרטי בלב אילת, שכונת אבני חן, מרחק הליכה מהים. דירת 4 חדרים עם 2 מרפסות, 2 מקלחות שירותים. כ-114 מ״ר. משופצת. וועד בית: 300₪. ארנונה: 1031₪ לחודשיים. מחיר: 2,200,000₪",
חולון,דירה,3.5,80,"אח""י דקר",3,קריית שרת,1985000,8,קומה 6 מתוך 6,TRUE,FALSE,FALSE,FALSE,ישן,TRUE,FALSE,FALSE,TRUE,מיידי,חלקי,חדש,"מפרטי!!!קרוב למרכז מסחרי,לשופרסל,סופרפארם,קופת חולים,בנק,תחנות אוטובוסים,5דקות נסיעה לקניון חולון,
דירה מתוכננת יפה,חדרים מרווחים,פינת אוכל מוגדרת,מטבח גדול...מוארת ,ריהוט חלקי ומכשירי חשמל..
דירה טובה להשקעה,עם גישה לנכים ומעלית..זקוקה לרענון...לא!!! למתווכחים,
פנוי גמיש גם מיידי",
חולון,דירה,4,110,התחיה,22,נאות שושנים,2600000,5,קומה 4 מתוך 9,TRUE,TRUE,TRUE,FALSE,משופץ,TRUE,FALSE,FALSE,TRUE,גמיש,חלקי,1,"❣️ ללא תיווך ❣️
🔹 ️️4 חדרים גדולים ומרווחים
🔹️ קומה 4 מתוך 9
🔹️ מעלית
🔹 ️מעוצבת ומשופצת מהיסוד
(תשתיות, חשמל, ריצוף,
מטבח אביבי, דלתות פנדור)
🔹️ מזגנים בכל החדרים
🔹️ סורגים 
🔹️ מים חמים 24/7, חימום תת 
ריצפתי, פיר אשפה
🔹️ חניה משותפת עם מחסום 
חשמלי לדיירי הבניין בלבד
🔹️ לובי הבניין משופץ (כולל צנרת 
הבניין)
🔹 ️הדירה במיקום השקט ביותר 
בחולון, ועם זאת במרחק הליכה 
לאיזורי הביקוש (קניון, מתנ""ס, 
בי""ס, גנים).",
חולון,בית פרטי,3,80,הוגו ארנסט,10,שיכון ותיקים,3260000,1,קומת קרקע,FALSE,TRUE,FALSE,FALSE,ישן,FALSE,FALSE,FALSE,FALSE,גמיש,לא צויין,,"בשכונת ותיקים הירוקה והשקטה, מגרש בשטח של 250 מטר
קיים בית פרטי כ80 מטר בנוי ניתן להרחבה או להריסה ובינה של: מרתף, קרקע, ק.א. ק.ב 
אדמת מנהל (שולם דמי היוון)
למכירה רק הצד המערבי.",
חולון,דירה,4.5,119,שמר נעמי,12,קרית אילון,3400000,11,קומה 2 מתוך 12,TRUE,FALSE,FALSE,FALSE,משופץ,TRUE,FALSE,TRUE,FALSE,גמיש,לא צויין,2,דירה מושקעת ומשופצת במחיר מציאה בבניין מבוקש דירה מרווחת ומוארת פונה לכיוון דרום מערב עברה שיפוץ יוקרתי לפני 6 חודשים ללא תיווך,
חולון,דירה,4,105,דיין משה,56,קרית בן גוריון,2620000,14,קומה 7 מתוך 8,TRUE,FALSE,TRUE,FALSE,שמור,TRUE,FALSE,FALSE,FALSE,גמיש,לא צויין,3,"4 חדרים גדולה , הסלון במפלס 2 מדרגות רוב הדירה דרומית , מרפסת שמש 15 מטר . פרוייקט עם בריכת שחיה פעילה בקיץ . הדירה מושכרת עד 02.2024 . לא למתווכים",
חולון,דירה,3,65,מפרץ שלמה,,קריית שרת,1790000,15,קומה 1 מתוך 7,TRUE,FALSE,FALSE,FALSE,שמור,TRUE,TRUE,FALSE,TRUE,45261,לא צויין,,"דירת 3 חדרים בקרית שרת מזרח, 2 מעליות בבניין, מרפסת שמש 12 מ""ר, דירה עורפית ושקטה נוף פתוח, חניה משותפת בשפע בבניין וגם בימית 2000. קומה ראשונה.",
חולון,דירה,4.5,82,"אצ""ל",24,תל גיבורים,2100000,6,קומה 1 מתוך 7,TRUE,FALSE,FALSE,FALSE,משופץ,TRUE,TRUE,TRUE,TRUE,לא צויין,לא צויין,60+,"למכירה הבנייה בעיצומה!!!בפרויקט התחדשות עירונית AXIS ברחוב האצ""ל ,חולוןשכונת תל גיבורים המתפתחת, על גבול תל אביבדירת 3 חדריםקומה 150 מ""רמשופצת מהיסוד הדירה שתתקבל-דירת 4.5 חדרים82 מ""רמרפסת שמש 9 מ""רתוספת ממ""ד תוספת חצי חדרהרחבת שטח מטבחמעליתחנייה משותפת עם שלט לדיירי המתחם",
חולון,דירה,5,120,קרית שמונה,17,קריית שרת,2400000,8,קומה 2 מתוך 5,TRUE,TRUE,FALSE,FALSE,ישן,FALSE,FALSE,FALSE,FALSE,מיידי,ללא,3,"הדירה נמצאת בשכונת מערב קרית שרת השקטה והמבוקשת 
דירה גדולה ,3 כיווני אוויר, חניה בטאבו (12מ""ר) וחדר מאסטר להורים.",
חולון,דירה,5,125,גלעדי אהרון,28,קרית אילון,3490000,7,קומה 2 מתוך 11,TRUE,TRUE,TRUE,TRUE,חדש,TRUE,TRUE,TRUE,FALSE,גמיש,חלקי,4,"לא למתווכים! דירת 5 חדרים חדשה, 3 כיווני אויר בבניין בוטיק ,מזגן מרכזי תדיראן חדש ומזגנים בחדרים, מטבח אביבי בעלות 120 אלף שקל, אי גדול, 3 שירותים, 2 מקלחות, דלתות פנדור, פרקטים יוקרתיים בחדרים, רשתות וסורגי טרלידור בכל הדירה, מחסן ו-2 חניות, אסלות תלויות, תריסי חשמל, וילונות, מרפסת שמש מושקעת. אין דירת גן מתחת. 2 דקות מגינת הפילים ובית ספר אריאל שרון!",
חולון,דירה,6,142,גולדה מאיר,,שדרת המגדלים,4250000,12,קומה 15 מתוך 25,TRUE,TRUE,TRUE,TRUE,משופץ,TRUE,TRUE,TRUE,TRUE,גמיש,לא צויין,,"דירת 6 חדרים במקור שהוסבה ל5 חד( ניתן להחזיר ל6 בקלות
3 שירותים ו3 מקלחות ( יש יחידת מתבגרים שירותים ומקלחת , ובנוסף יחידת הורים גדולה ומרווחת עם שירותים מקלחת מרווחים וחדר ארונות מפנק) 
דירה מושקעת ללא צורך בהשקעה נוספת 
חלונות בלגיים קליל בחדר שינה מטבח וסלון 
מטבח של חברת סמל אינטגרלי מקרר+מדיח אינטגרלי מקרר 
רצפות מטר עד מטר בסלון מטבח 
ריצוף וחיפוי באמבטיות של מודי קרמיקה
הנמכות גבס כל הסלון המטבח חדר שינה הורים ובפינת אוכל הכוללים וילונות שקועים
גופי תאורה של דורי קמחי כל הבית",
חולון,דירה,4.5,105,קרן קיימת,24,קריית שרת,2790000,10,קומה 1 מתוך 5,TRUE,TRUE,TRUE,FALSE,שמור,TRUE,TRUE,TRUE,TRUE,מיידי,לא צויין,,"חייבת להימכר!!
ברחוב קרן קיימת במערב קריית שרת!
בניין בן 20 שנה במצב מצויין,
דירת 4.5 חדרים,סלון ענק +ממ""ד ,מרפסת שמש, וחנייה בטאבו .
חצי חדר 8 מ""ר!!!!!!!
מפתחות במשרד.",
חולון,דירה,4,112,פיכמן,11,שדרת המגדלים,3250000,13,קומה 5 מתוך 12,TRUE,FALSE,FALSE,TRUE,משופץ,TRUE,TRUE,TRUE,TRUE,גמיש,"כל הבית עבר שיפוץ כללי לפני 5 שנים. מטבח מעוצב ע""י נגר פרטי.ארונות בכל הבית.מזנון ושולחן סלון.כסאות מטבח.וילונות בכל הבית דלת כניסה חדשה מעוצבת ויוקרתית.כיריים, מחמם מים גז.",4,"למכירה מפרטי ,מתווכים לא להתקשר. דירת 4 ח'גדולה ומרווחת עם מקום לפינת אוכל. דירה משופצת ומשודרגת ברמה גבוהה. מזגן מיני מרכזי אלקטרה עם ביטוח ל5שנים. בוצע הרחבת שירותים ומקלחת בחדר הורים. מרפסת פונה לחזית כיוון מערב פנימית יותר ולכן שקטה. חדרים למזרח. בניין בן 20 שנים שמור ואיכותי עם שכנים שקטים דירה 100מטר +מרפסת 12 מטר+מרפסת קטנה. 2חניות עוקבות ומחסן גדול וגבוה. נא להתקשר אחה""צ ובערב.לא בשבת",
חולון,דירה,4,82,קרן קיימת,16,קריית שרת,2350000,1,קומה 1 מתוך 5,TRUE,TRUE,FALSE,FALSE,שמור,TRUE,TRUE,TRUE,FALSE,גמיש,לא צויין,9,"למכירה דירת 4 חדרים ברחוב הקק""ל 16, בשכונת קריית שרת, חולון!!!- שכונת קריית שרת- שטופת אוויר- צמודה לגן יום כיפור- הבניין הכי טוב ברחוב- קומה 1/5- דירת 4 חדרים : 81.5 מ""ר בטאבו- משופצת- מעלית- מרפסת: 9.5 מ""ר- ממ""ד- חניה בטאבו- פינוי גמיש",
חולון,דירה,5,129,"ד""ר כהן היינץ",,שדרת המגדלים,3595000,10,קומה 15 מתוך 24,TRUE,TRUE,FALSE,TRUE,שמור,TRUE,TRUE,TRUE,TRUE,גמיש,לא צויין,,"נכס מספר: 4192, דירה למכירה בשדרת המגדלים , רח' היינץ כהן, חולון – צוות אורן כהן ורימקס אקסלנס גאים להציג :-דירת 5 חד' במיקום מנצח,-בניין חדיש של בוני התיכון ,-מרפסת שמש 18 מ""ר,-מיקום מרכזי ונוח,-קומה 15 נוף פתוח ומדהים עד הים,-דירה מעוצבת ומשודרגת ,-מיזוג כל הבית ,-בניין מפואר כולל חדר דיירים,לובי יוקרתי-2 חניות תת קרקעיות-מחסן ענק דירה פשוט מדהימה במיקום מנצח !!!",
הוד השרון,מגרש,,"125 מ""ר",הנחל,13,גיל עמל,369000,1,,FALSE,FALSE,FALSE,FALSE,לא צויין,FALSE,FALSE,FALSE,FALSE,מיידי,לא צויין,,למכירה קרקע בהוד השרון בצמרות הפארק - שביל התפוזים. תוכנית המתאר לעיר אושרה על ידי הוועדה המחוזית למתן תוקף! יש הסכם שיתוף בין הבעלים שמאפשר קבלת היתר ובנייה מהירה יותר. פוטנציאל עליית ערך ענקית (הרבה יותר מדירות). שטח של 125 בגוש 6657 חלקה 25 פרטי בטאבו! הקרקע נרשמת באופן פרטי על הקונה,
הוד השרון,בית פרטי,7 חד׳,,בשכונת,,,8500000,4,קומת קרקע,FALSE,FALSE,FALSE,TRUE,משופץ,TRUE,TRUE,FALSE,FALSE,גמיש,לא צויין,,"למכירה בית פרטי ייחודי במערב הוד השרון המבוקש והיוקרתי: מגרש 250 מ""ר
בנוי 235 מ""ר ארבעה מפלסים כולל מרתף של כ-60 מטר שניתן להפוך ליחידה נפרדת. מיקום מעולה, מרכזי, שקט ורחוב מבוקש מאד!!! 
במרחק הליכה למרכז השוקק של העיר, לבתי קפה, מסעדות ולכל מה שחשוב וצריך! בית מעוצב שעבר שיפוץ שכלל מטבח חדש ורחב, אינסטלציה, חשמל, חלונות בלגיים, פרקטים בחדרים ועוד. גינה מושקעת אשר מוקפת עצי פרי ומערכת הידרופונית לגידול צמחי תבלין ועגבניות שרי 2 חניות מקורות",
הוד השרון,דירה,4 חד׳,"118 מ""ר",הגאולה,18,רמתיים,3300000,0,קומה 2 מתוך 6,FALSE,FALSE,TRUE,FALSE,משופץ,FALSE,FALSE,FALSE,FALSE,לא צויין,"מטבח כחדש בצבע לבן , מזגן חדש בסלון, ארונות , חדר רחצה גדול רחב לאחר שיפוץ , כל הבית פרקט איכותי .",,"דירה במרכז הוד השרון, ברחוב שקט. המרפסת פונה לשדרה ירוקה. משופצת, חנייה מקורה רחבה מאוד. 3 כיווני אוויר. צפון, דרום, מזרח",
הוד השרון,דו משפחתי,7 חד׳,"300 מ""ר",משושים,9,רמת הדר,9380000,19,קומת קרקע,FALSE,FALSE,FALSE,FALSE,חדש,TRUE,TRUE,FALSE,FALSE,מיידי,לא צויין,,"מפרטי ללא תיווך!! למביני עניין שאוהבים את החיים הטובים במיקום הכי טוב, איכות חיים ויוקרה, הכל במרחק נגיעה (פארק 4,בי״ס,גני ילדים,ספורטן, קניון). עיצוב אדריכלי מוקפד-להיכנס עם המזוודות. הכל באיכות הגבוהה ביותר. תקרות גבוהות, יחידת הורים ענקית, מרתף עילי גדול כיחידה נפרדת. גינה יפנית מעוצבת עם 2 אזורי אירוח וג״קוזי חיצוני. בית עם הווי משפחתי והרבה מזל. למי שמחפש איכות, אלגנטיות ותמורה מלאה להשקעהקרא עוד",
הוד השרון,דירה,5 חד׳,"132 מ""ר",בן גמלא,,מרכז העיר,4180000,7,קומה 5 מתוך 17,TRUE,FALSE,FALSE,TRUE,משופץ,TRUE,TRUE,FALSE,TRUE,אוג-23,לא צויין,,"נכס מספר: 51241, דירת 5 חדרים מרווחת במיקום מעולה !אזור מרכזי ונוח בסמיכות למסעדות פסטה מיה, לנדוור, גולדה סופרפארם ועוד. חדרים גדולים ומוארים. מרפסת שירות נוחה וגדולה. מזווה פרקטי וחכם. ממ""ד, חניה ומחסן. חדר דיירים ענק בקומת הקרקע. חדר אופניים.גינת ילדים צמודה ונוחה. בניין נהדר ברחוב שקט אחורי. גני ילדים נהדרים וביה""ס האנתרופוסופי מעבר לכביש. בי""ס רעות במרחק הליכה של 5 דק",
הוד השרון,דירה,3 חד׳,"100 מ""ר",הדרור,24,הדר,2970000,3,קומה 1 מתוך 5,TRUE,FALSE,TRUE,FALSE,משופץ,TRUE,FALSE,FALSE,TRUE,אפר-24,מלא,,"ללא תיווך! למכירה דירת 3 חדרים מרווחת מאוד, קומה 1 מתוך 5, רחוב שקט ללא מוצא. בצמוד לפארק השחר, גני ילדים ובתי הספר. מזגן מיני מרכזי, שליטה בכל חדר. חניה מרווחת בטאבו. מעלית",
הוד השרון,דירה,5 חד׳,"130 מ""ר",בשכונת,,,5400000,15,קומה 1 מתוך 3,TRUE,FALSE,FALSE,TRUE,חדש,TRUE,TRUE,FALSE,TRUE,לא צויין,לא צויין,,"במיקום הכי מבוקש! בשכונת גרינברג, ברח' ללא מוצא, בבניין בוטיק, דירת 5 חד' נדירה!!! דירה מהממת, מושקעת ביותר! מרפסת שמש גדולה עם נוף מדהים לפארק 4 העונות. מטבח מושקע מנגרות פרטית עם שפע איחסון. יח' הורים מפנקת. מז""א. 2 חניות ומחסן של כ-12 מ""ר.",
הוד השרון,בית פרטי,6 חד׳,"200 מ""ר",בשכונת,,,13500000,15,קומת קרקע,FALSE,FALSE,FALSE,FALSE,שמור,TRUE,TRUE,FALSE,TRUE,גמיש,לא צויין,,"נדיר! נדיר! במיקום חלומי ברחוב שקט בלב שכונת הדר, בית מהמם ומושקע במפלס אחד. חצר קסומה, גדולה ומטופחת. 2 מאסטרים, פרקט עץ טיק בורמזי. מיזוג מרכזי חכם. אטמור מרכזי + חימום גז. אופציה לבריכת שחייה. זכויות בנייה נוספות לבית הקיים ואופציה לבית נוסף.",
הוד השרון,דירת גן,4 חד׳,"120 מ""ר",לוטם,34,הפרחים,4090000,8,קומת קרקע,TRUE,FALSE,TRUE,TRUE,משופץ,TRUE,FALSE,FALSE,TRUE,גמיש,לא צויין,,"דירת גן 4 חדרים מדהימה ומרווחת, במתחם בנייני בוטיק. 
3 חניות מקורות! גינה מטופחת עם עצי פרי.
בקרבת בתי ספר וגנים
דירה שקטה מאוד.
מפרטי ללא תיווך!",
הוד השרון,דירה,4 חד׳,"112 מ""ר",הנחל,4,גיל עמל,3050000,0,קומה 1 מתוך 5,TRUE,FALSE,FALSE,TRUE,לא צויין,TRUE,FALSE,FALSE,TRUE,לא צויין,לא צויין,,"לגור בעיר ולהרגיש בכפר! דירה מקסימה, מרווחת ומוארת כוללת סלון, מטבח עם בר ופינת אוכל, יחידת הורים עם חדר ארונות, שירותים/מקלחת ועוד 2 חדרי שינה וחדר אמבטיה משפחתית ענקית! נוף ירוק מכל חלון ומרפסת 12מ' משקיפה על הנחל והשדות! דוד שמש/חשמלי חכם, תריסים חשמלים, מזגן מיני מרכזי. יציאות מהירות לכבישים 5/6/531. דקה הליכה מחנויות, מסעדות, פארק וגני הילדיםקרא עוד",
הוד השרון,דירה,4 חד׳,,בשכונת מתחם,200,,3530000,4,קומה 11 מתוך 18,TRUE,FALSE,FALSE,FALSE,שמור,TRUE,TRUE,FALSE,TRUE,לא צויין,לא צויין,,"דירה יפה ומוצלחת במתחם 200.
קומה גבוהה עם נוף פתוח!!!
מרפסת ישרה מהסלון ופונה לפנים המתחם.
מהדירות הגדולות במתחם - 105 מ' נטו (130 ברוטו)
חלל ציבורי ענק וחדרים גדולים.
15 מ' מרפסת.",
מודיעין מכבים רעות,דירה,4 חד׳,"100 מ""ר",ציפורנית,12,"100 מ""ר",2730000,1,קומה 2 מתוך 3,FALSE,TRUE,FALSE,FALSE,שמור,TRUE,FALSE,TRUE,FALSE,גמיש,ללא,1,"דירה יפהפיה ומטופחת, שטופת אור וממוזגת טבעי אבל גם עם מזגן בכל חדר, מרפסת שירות, יחידת הורים עם חדר ארונות ושירותים/מקלחת פרטיים, פרקט בכל הדירה, טובה גם להשקעה כי יש בה דיירת מקסימה שתשמח להישאר. מיקום מעולה בשכונה היפה ליד פארק, מרכז מסחרי, בתי ספר יסודי ותיכון, כמה דקות מעזריאלי ומהולמס פלייס. כשקניתי אותה לקח לי חמש דקות בדיוק להתאהב בה (פשוט עברתי לתל אביב).",
מודיעין מכבים רעות,דירה,4 חד׳,"120 מ""ר",מגדל דוד,25,"120 מ""ר",3120000,9,קומה 12 מתוך 16,TRUE,TRUE,FALSE,TRUE,שמור,TRUE,FALSE,TRUE,TRUE,גמיש,לא צויין,1,"במגדלי לוקי היוקרתיים, במיקום מרכזי במרחק הליכה מתחנת הרכב, הקניון, הולמס פלס. דירה מוארת ומרווחת עם נוף למערב, שקיעות משגעות וכיווני אויר מצוינים . חלל אירוח פתוח ומרווח. נגישות מלאה, חדר כושר פרטי לבניין. חניה תת קרקעית ומחסן גדול. מרפסת 12 מ""ר מהסלון, ומרפסת שירות מהמטבח. פינוי מיידי עד גמיש. מפרטי , לא למתווכים.",
מודיעין מכבים רעות,דירה,3 חד׳,"80 מ""ר",תכלת,,"80 מ""ר",2549000,4,קומה 2 מתוך 3,TRUE,TRUE,FALSE,TRUE,שמור,TRUE,TRUE,FALSE,TRUE,גמיש,לא צויין,,"דירה נהדרת במיקום מעולה בקייזר- קרוב להכל!3 חדרים עם נגישות בקומה נוחה, עם 2 מרפסות פתוחות המון אוויר ואור - כיוונים מעולים.",
מודיעין מכבים רעות,דירה,5 חד׳,"150 מ""ר",צאלון,17,"150 מ""ר",3690000,5,קומה 2 מתוך 5,TRUE,TRUE,FALSE,TRUE,משופץ,TRUE,TRUE,TRUE,TRUE,גמיש,לא צויין,1,"דירה ענקית (כ150 מטר) ומאורת, חדרים בגודל לא סטנדרטי : חדר שינה הורים 24 מטר, חדרי ילדים 21, 13 ו10 מטר (ממ""ד). סלון פלוס מטבח כ50 מטר, פינת אוכל מוגדרת. מרפסת (לא גדולה), חניה ומחסן. מיקום מרכזי ונגישות מלאה. מושכרת לשוכרים נהדרים, פינוי בעוד שנה. השוכרים ישמחו להשאר במידה ורוכשים חדשים יהיו מעונינים בכך",
מודיעין מכבים רעות,דירת גג,5 חד׳,"156 מ""ר",עמק דותן,,"156 מ""ר",4250000,11,קומה 3 מתוך 3,TRUE,TRUE,FALSE,TRUE,שמור,TRUE,TRUE,TRUE,TRUE,לא צויין,לא צויין,1,אוהבים ירוק ופסטורליות? חשוב לכם פרטיות מלאה? למכירה בבלעדיות במרכז העיר מודיעין דופלקס גג 5 חדרים עם זכויות בנייה נוספות על הגג נגישות מלאה עם מעלית! חלל אירוח ענק ויחידת הורים מפנקת חניה ומחסן מרחק 5 דק ברכב לרכבת ולקניון יציאה קרובה לכביש 443 בית קלאסי למשפחות עם ילדים,
מודיעין מכבים רעות,דירה,5 חד׳,"105 מ""ר",נהר הירדן,,"105 מ""ר",2620000,4,קומה 2 מתוך 3,FALSE,TRUE,FALSE,FALSE,שמור,TRUE,TRUE,TRUE,FALSE,אוג-23,לא צויין,1,"בשכונת משואה (גבעה C) ברח' נהר הירדן, במיקום קרוב לעמק החולה,דירת 4 חד' מחולקת היטב, מרווחת, מוארת ומסודרת.מטבח גדול, קומה וחצי ללא מעלית (אופציה למעלית), פינת אוכל מוגדררת, מרפסת סוכה, חניה מקורה. מרחק הליכה לקניון ולרכבת, קרובה למוסדות חינוך ולמרכז מסחרי.דוד שמש חדש, מתוחזקת ברמה גבוהה.אופציה לריהוט חלקי.",
מודיעין מכבים רעות,דירה,4 חד׳,"104 מ""ר",הפרחים (מירומי),,"104 מ""ר",3290000,9,קומה 8 מתוך 18,TRUE,TRUE,FALSE,TRUE,משופץ,TRUE,TRUE,TRUE,TRUE,לא צויין,לא צויין,2,"סמוך למרכז העיר החדש. דירת 4 חד׳, 105 מ״ר, מרווחת ומוארת מאוד. דירה מעוצבת ומושקעת במיקום אידיאלי. במגדל יוקרתי עם לובי מפואר, בקומה 8 עם מרפסת נוף ופרטיות מלאה. חדרי שינה גדולים מאוד, יחידת הורים מרווחת ומפנקת. 2 חניות- מקורה ופתוחה, מחסן כ8 מ״ר. נגישות מלאה. פינוי קיץ 2023. 3,290,000 ₪",
מודיעין מכבים רעות,דירת גן,5 חד׳,"140 מ""ר",יער אלונים,8,"140 מ""ר",4900000,2,קומת קרקע,TRUE,TRUE,FALSE,TRUE,חדש,TRUE,FALSE,TRUE,TRUE,גמיש,ללא,6,"למכירה לא למתווכים!!! **דירת גן 5 חדרים מהממת, כ-140 מטר בנוי, הדירה פינתית עם נוף מדהים. **בניין בוטיק בן 4 דיירים. **הדירה מהממת, מעוצבת אדריכלית. **חצר פינתית מושקעת בגודל 103 מטר. ** מזגני vrf סמסונג בכל הבית, **תקרות גבוהות בכל הבית. **מטבח ענק של סמל **2 חניות ומחסן.",
מודיעין מכבים רעות,דירה,4 חד׳,"107 מ""ר",חטיבת גולני,18,"107 מ""ר",2970000,5,קומה 3 מתוך 3,FALSE,TRUE,TRUE,TRUE,שמור,TRUE,TRUE,TRUE,FALSE,גמיש,"ארונות מטבח, ארונות בחדר שינה.ייתכן ריהוט נוסף שיימכר עם הדירה.",7,"במגינים ברחוב שקט, 5 חדרים (4 במקור) בבניין בוטיק של 6 דירות מוארת מאוד, 3 כיווני אוויר, מרפסת שמש, מרפסת שרות, מחסן וחניה. מטבח מרווח, פינת אוכל מוגדרת, יחידת הורים מלאה, דירה מקסימה ושמורה, מיזוג מרכזי. הליכה קצרה למרכזי קניות, בית כנסת, פארקים, גנים ובתי ספר, המע""ר. תחבורה ציבורית מצויינת! קומה 3 ואחרונה, אפשרות לבניה על הגג. המודעה אינה למתווכים!קרא עוד",
מודיעין מכבים רעות,דירת גג,5 חד׳,"135 מ""ר",שרה אמנו,,"135 מ""ר",4370000,9,קומה 4 מתוך 4,TRUE,TRUE,FALSE,TRUE,משופץ,TRUE,TRUE,TRUE,TRUE,לא צויין,לא צויין,9,"בבלעדיותדירת גג 5 חד מרווחת מרפסת כ 35 מ""ר מסלון פתוחה לנוף הרי ירושלים .מיקום מרכזי בשכונה מרחק הליכה גם לתיכון מור.חלל אורח מרכזי גדול.יחידת הורים מלאה + מרפסת נוספת .פינוי גמיש",
ירושלים,דירה,4 חד׳,"88 מ""ר",יקינטון,575,גילה,2250000,5,קומה 2 מתוך 3,FALSE,FALSE,TRUE,FALSE,משופץ,TRUE,TRUE,FALSE,FALSE,גמיש,ללא,1,"דירת 4 חדרים- קומה 2.5, משופצת קומפלט, מרווחת עם חדרים גדולים ויפיפיה באזור מקסים ופסטורלי. בדירה 2 חדרי שירותים. לרצינים בלבד- לא למתווכים! *** בדירה בוידעם, צנרת חדשה והתר למרפסת",
ירושלים,דירה,5 חד׳,"155 מ""ר",דלה פרגולה,8,גילה,3650000,5,קומה 1 מתוך 3,TRUE,TRUE,TRUE,TRUE,משופץ,TRUE,TRUE,TRUE,FALSE,מיידי,חלקי,2,"כולל יחידת דיור מניבה. דירה ברחוב שקט בקרבת גני ילדים, סופר ובית כנסת, שמורה היטב ומתוחזקת לאחר שיפוץ. לעסקה מהירה בלבד! כניסה 15.8.2023, לרצינים בלבד יש גמישות קלה במחיר. מתווכים לא לפנות בבקשה.",
ירושלים,דירת גן,5 חד׳,"120 מ""ר",אבנר חי שאקי,,גילה,"₪3,950,000TOP10 במדד המתווכים",8,קומת קרקע,TRUE,TRUE,FALSE,TRUE,חדש,TRUE,TRUE,TRUE,TRUE,גמיש,חדש,,"למכירה בייצוג בלעדי בפרויקט הדגל של ע. אהרון במורדות גילה על צלע ההר. דירת גן פינתית 5 חד' 120 מ""ר גדולה ומרווחת במיוחד. משופצת בטוב טעם פונה לנוף ירוק. גינה ענקית כ -180 מ""ר. 2 חניות ומחסן. לפרטים נוספים צרו עימי קשר, אשמח לתאם.",
ירושלים,דירה,3.5 חד׳,"75 מ""ר",הצבר,,גילה,"₪1,980,000TOP10 במדד המתווכים",0,קומה 1 מתוך 3,FALSE,FALSE,TRUE,FALSE,משופץ,TRUE,FALSE,FALSE,FALSE,לא צויין,לא צוין,2,דירה ששופצה בחצי שנה האחרונה. דירה בתהליך מתקדם של פינוי בינוי שלב חתימות! קומה ראשונה 16 מדרגות. מבקשר בכל לשון של בקשה מתווכים פשוט לא לפנות אלי תודה!! לא בשבת,
ירושלים,דירה,3 חד׳,"70 מ""ר",התאנה,7,גילה,1980000,5,קומה 3 מתוך 4,FALSE,FALSE,TRUE,FALSE,משופץ,TRUE,TRUE,FALSE,FALSE,מיידי,ללא,32,ירה מרווחת ומוארת. סלון גדול מאוד עם כיווני אוויר טובים. הדירה משופצת. מרפסת סוכה יוצאת מהסלון. פינוי גמיש,
ירושלים,דירת גן,3 חד׳,"80 מ""ר",פולוצקי יעקב,5,גילה,2850000,12,קומת מרתף,FALSE,FALSE,TRUE,TRUE,משופץ,TRUE,FALSE,TRUE,FALSE,גמיש,ללא,33,"למכירה דירת גן 3 חדרים סלון, חדר שינה, ממ""ד וחדר שירות אמבטיה עם שירותים + שירותי אורחים מזגן חדש בכל חדר גינה היקפית 144 מטר מרובע בטאבו עם עצי פרי וסוכת גפן. חניה פרטית כפולה (רכב אחרי רכב), מחסן בטאבו בקומת החניה. דירה לאחר שיפוץ מקיף לפני 3 שנים מטופחת ויפה מלאת אור גינה היקפית ענקית עם מחסן נוסף שנבנה בגינה בגודל 15 מטר מרובע",
ירושלים,דירה,3 חד׳,"65 מ""ר",האנפה,,גילה,"₪1,760,000בבלעדיות",33,קומת מרתף,FALSE,FALSE,TRUE,TRUE,משופץ,TRUE,FALSE,TRUE,FALSE,גמיש,ללא,12,"למכירה דירת גן 3 חדרים סלון, חדר שינה, ממ""ד וחדר שירות אמבטיה עם שירותים + שירותי אורחים מזגן חדש בכל חדר גינה היקפית 144 מטר מרובע בטאבו עם עצי פרי וסוכת גפן. חניה פרטית כפולה (רכב אחרי רכב), מחסן בטאבו בקומת החניה. דירה לאחר שיפוץ מקיף לפני 3 שנים מטופחת ויפה מלאת אור גינה היקפית ענקית עם מחסן נוסף שנבנה בגינה בגודל 15 מטר מרובע",
ירושלים,דירה,4 חד׳,"85 מ""ר",תרשיש,,גילה,"₪2,180,000מתיווך",4,קומה 2 מתוך 4,FALSE,FALSE,TRUE,TRUE,משופץ,TRUE,TRUE,FALSE,FALSE,גמיש,לא צוין,16,דירת 4 חדרים מאורת ומרווחת 85 מ״ר בנוי +מרפסת סוכה חדרי שינה גדולים מאוד - לשני חדרים יש 2 כיווני אוויר מחסן לא בטאבו פינת אוכל מוגדלת סלון מרווח עםם יציאה למרפסת מטבח גדול ועם עוד פינת אוכל צרו קשר לסיור בנכס -תמיר זליג נדל״ן והשקעות,
ירושלים,דירה,4.5 חד׳,"82 מ""ר",מבוא הצרי,4,גילה,2100000,8,קומה 1 מתוך 4,TRUE,FALSE,TRUE,TRUE,משופץ,TRUE,TRUE,TRUE,FALSE,גמיש,ללא,36,"דירה בגילה א' למכירה דירה משופצת 4 וחצי חדרים ו 2 מרפסות (אחת מהן סוכה) (הבניין מסיים תהליך תמ''א ) רחוב מבוא הצרי (צמוד לגינה ) המקום הכי מתחרד באיזור. בניין שקט ונקי ,דיירים נעימים . 2 דיירים בכל קומה. קומה וחצי , מעלית ולובי משופץ וחדש ללא תיווך!",
ירושלים,דירה,4 חד׳,"85 מ""ר",מרגלית,33,גילה,2430000,11,קומה 1 מתוך 4,FALSE,FALSE,TRUE,FALSE,משופץ,TRUE,FALSE,FALSE,FALSE,גמיש,לא צוין,40,"דירה במיקום מצויין, משופצת כחדשה, מזגן בכל חדר ובסלון, קומה ראשונה עם שתי מרפסות. הדירה חתומה לפינוי בינוי והקונה יקבל 35 מטר תוספת פלוס 12 מטר מרפסת וחניה. ללא תיווך!",
רעננה,דירת גן,5 חד׳,"139 מ""ר",עלי מוהר,9,נווה זמר,5555555,4,קומת קרקע,TRUE,FALSE,FALSE,TRUE,חדש מקבלן,TRUE,FALSE,TRUE,FALSE,45689,ללא,,"דירת גן בפרוייקט יוקרתי בבניין בוטיק רק 12 דירות. מפרט טכני מאוד עשיר.
139 מ''ר בנוי עם גינה של 60 מ''ר.
כניסה ומסירת הדירה : 03/2025
תיווך משה סידי",
רעננה,דירה,4 חד׳,"103 מ""ר",רימלט אלימלך,4,לב הפארק,3150000,6,קומה 3 מתוך 3,TRUE,FALSE,FALSE,FALSE,שמור,TRUE,TRUE,TRUE,FALSE,גמיש,ללא,,"בקצה רעננה, צופה על השדות
דירת 4 חדרים למכירה!

בלב הפארק - רחוב רימלט
85 מ""ר בנוי (103 בארנונה)
מרפסת
ממד
חניה

קומה 3 מתוך 3
בבניין בוטיק בן 6 דיירים בלבד

זכויות לבנית 40 מ""ר נוספים על הגג!

לפרטים נוספים ותיאום ביקור:
עמית טל
הנדלן החברתי של קלר ווילאמס,",
רעננה,דירת גן,4.5 חד׳,"110 מ""ר",רימלט,,לב הפארק,3500000,3,קומת קרקע,FALSE,FALSE,FALSE,FALSE,ישן,FALSE,FALSE,TRUE,TRUE,44958,לא צויין,,חדשה בשוק!!! דירת גן עם המון פוטנציאל במיקום נפלא בלב הפארק,
רעננה,דירה,4.5 חד׳,"132 מ""ר",בשכונת לב,,,3450000,4,קומה 1 מתוך 3,TRUE,FALSE,FALSE,FALSE,שמור,TRUE,TRUE,TRUE,TRUE,גמיש,לא צויין,,"בלעדיות חדשה בשכונת לב הפארק רעננה .למכירה דירת 4.5 חדרים (חצי חדר ממ""ד עם חלון) 132 מ""ר בארנונה + מרפסת שמש דרומית פונה למדרחוב במיקום שקט ופסטורלי במיוחד ..דירת מוארת במיוחד , 3 כיווני אוויר 2 חניות בודדות . 
במרחק הליכה למרכז מסחרי ובית הספר,גני ילדים ,מרכז הספורט והבריכה.",
רעננה,דירה,4 חד׳,"100 מ""ר",בורוכוב,28,קרית דוד רמז,2900000,7,קומה 2 מתוך 5,TRUE,FALSE,FALSE,FALSE,משופץ,TRUE,FALSE,FALSE,TRUE,גמיש,"דירת 4 חדרים , יש בדירה ארון בחדר ילדים, שולחןפינת אוכל עם 4 כסאות. שידה במטבח ובסלון.",,"למכירה, דירה, 4 חדרים, קומה 2, ברעננה, משופצת. כוונים מזרח וצפון. חדר שינה עם שירותים צמודים וחדר ארונות. הדירה פונה לרח חנקין, שקטה מאד. מרפסת שירות למטבח",
רעננה,בית פרטי,7.5 חד׳,"280 מ""ר",ידין יגאל,1,מרכז דרום,6690000,5,קומת קרקע,FALSE,FALSE,FALSE,FALSE,משופץ,TRUE,TRUE,TRUE,TRUE,מיידי,לא צויין,,"מפרטי. 
בית דו משפחתי עם גינה שטופת שמש ממוקם ברחוב הולנדי ללא מוצא שקט. דקות הליכה מהמרכז. בקרבת סופר, בתי קפה ובתי ספר . 6 חדרי שינה מרווחים כולל אחד בקומת קרקע ואחד בעליית הגג 4 שירותים 3 מקלחות. 
עיצוב אדריכלי כפר בעיר - לבוא ולהכנס אחרי שיפוץ כללי. 

למהירי החלטה ללא תיווך",
רעננה,דירה,4.5 חד׳,עסקאות באיזור (1000),בשכונת קרית דוד,,,2690000,6,קומה 3 מתוך 7,TRUE,FALSE,FALSE,TRUE,שמור,FALSE,TRUE,TRUE,FALSE,גמיש,לא צויין,,"להשקעה !!! כיום דירת 3 חד בתהליך תמא , תהיה 4,5 חד + ממד +מחסן +מרפסת שמש יפה +חניה רובוטית",
רעננה,קוטג',7 חד׳,"315 מ""ר",בשכונת מרכז,,,9500000,4,,FALSE,FALSE,FALSE,FALSE,שמור,TRUE,FALSE,TRUE,FALSE,גמיש,לא צויין,,"מחפשים בית מיוחד, שונה ברעננה ?
הנה הוא : בית פרטי באחד הרחובות היוקרתיים ברעננה .

הבית ענק של 7 חדרים – 315 מר בנוי 
כולל מרתף גדול ושימושי , שאפשר ליצור ממנו יחידת דיור נפרדת , 
עם בריכת שחייה יפהפיה ומרשימה.

7556 מס באתרי",
רעננה,דירה,5 חד׳,"136 מ""ר",אחד,,לסטר,3850000,2,קומה 5 מתוך 7,TRUE,FALSE,FALSE,FALSE,חדש מקבלן,TRUE,TRUE,TRUE,TRUE,מיידי,לא צויין,,"דירה חדשה מהקבלן באזור מבוקש .
5 חדרים .מרווחת ומוארת
3 כוייוני אויר מערב מזרח וצפון
מרפסת שמש
2 חדרי אמבטיה ו3 שירותים
מעלית. חניה במכפיל
קומה גבוהה",
רעננה,בית פרטי,9.5 חד׳,"350 מ""ר",הורד,35,2005,8200000,1,קומה 4 מתוך 4,FALSE,FALSE,FALSE,TRUE,שמור,TRUE,TRUE,TRUE,FALSE,גמיש,ללא,,"בית גדול מאוד , 3 כיווני אוויר , 2 מרפסות גדולות",
רעננה,פנטהאוז,3 חד׳,"100 מ""ר",תל,,קרית דוד רמז,3600000,11,קומה 7 מתוך 7,TRUE,FALSE,FALSE,TRUE,חדש מקבלן,TRUE,TRUE,TRUE,TRUE,גמיש,לא צויין,,"למכירה בבלעדיות,
חתום לתמ""א 38/2 הריסה ובניה. היזם - קידר מבנים 

כיום הדירה היא דירת גג גדולה, משופצת עם גג 60 מ""ר 

לאחר התמ""א תתקבל דירת פנטהאוז 100 מ""ר נטו חלל אירוח ענק + 33 מ""ר מרפסת מהסלון. קומה 7/7, משקיף לנוף פתוח. חניה, מחסן, ממ""ד. 

כיום הדירה מושכרת ב8,000 ש""ח ובזמן הבנייה היזם משלם שכירות זהה. 

צפי לקבלת היתר - שנה.עסקה מצוינת למי שאוהב את המרכז ורוצה פנטהאוז חדש.עסקה מצוינת גם למשקיעים.",
רעננה,דירה,5 חד׳,"120 מ""ר",סנה,,לב הפארק,3500000,6,קומה 2 מתוך 3,TRUE,FALSE,TRUE,FALSE,משופץ,TRUE,TRUE,TRUE,TRUE,גמיש,לא צויין,,"בלב הפארק המבוקשת , דירת 5 ח או 4 עם פינת משפחה גדולה , ברחוב ללא מוצא , יחידת הורים מפנקת 
לראות ולהתאהב !",
רעננה,דירה,5 חד׳,"126 מ""ר",אחד,,לסטר,3850000,1,קומה 5 מתוך 7,TRUE,FALSE,FALSE,FALSE,חדש מקבלן,TRUE,TRUE,TRUE,TRUE,מיידי,לא צויין,,"דירה חדשה מהקבלן באזור מבוקש .
5 חדרים .מרווחת ומוארת
3 כוייוני אויר מערב מזרח וצפון
מרפסת שמש 
2 חדרי אמבטיה ו3 שירותים
מעלית. חניה במכפיל
קומה גבוהה",
רעננה,דירה,4.5 חד׳,"140 מ""ר",קזן,10,מרכז דרום,3730000,6,קומה 3 מתוך 6,TRUE,FALSE,FALSE,TRUE,משופץ,TRUE,TRUE,TRUE,TRUE,45323,לא צויין,,"לא למתווכים!, ללא תיווך!, מתווכים לא להתקשר! דירה ענקית יפיפייה, 140 מ""ר+12.5 מ""ר מרפסת עם נוף חזיתי פתוח. מחסן גדול 6.5 מ""ר + חנייה מקורה. קומה שלישית גבוהה. חדשה אחרי תמ""א. שיפוץ מלא מלא (חשמל, צנרת, ריצוף, מטבח, מקלחות, דלתות, חלונות - הכול חדש). הדירה מושכרת עד מרץ 2024",
פתח תקווה,דירה,4 חד׳,"116 מ""ר",קפלנסקי שלמה,72,כפר גנים ג,3320000,4,קומה 3 מתוך 9,TRUE,TRUE,TRUE,TRUE,משופץ,TRUE,TRUE,TRUE,FALSE,גמיש,לא,0,"דירת 4 חד', כ-104 מר בנוי + כ-12 מר מרפסת שמש, מסודרת ויפה, עורפית לגינה, כיווני אויר צפון מערב ודרום, ממד, מחסן צמוד, יחידת הורים, מיזוג, דוד שמש, 2 מקלחות, 3 חדרי שירותים. בניין איכותי עם חדר כושר ומועדון דיירים, מעלית, 2 חניות בטאבו. כניסה מיידית",
פתח תקווה,דירה,4 חד׳,"107 מ""ר",רפאלי שרגא,11,אם המושבות החדשה,3185000,6,קומה 8 מתוך 22,TRUE,TRUE,FALSE,TRUE,משופץ,TRUE,TRUE,TRUE,TRUE,מיידי,לא,1,"ללא תיווך! דירה מושקעת ומרווחת בבניין הכי מבוקש(קרדן 4U) בקרבה ליציאה מהשכונה. מטבח אביבי משודרג עם אי, 2 מחסנים צמודים לדירה, פרקטים בכל החדרים, ארונות בשני חדרים, 2 חניות עוקבות, מיזוג מיני מרכזי, מחמם מים בגז, נקודת מים וגז במרפסת, סורגים בכל החלונות. רישום בטאבו. כניסה גמישה החל מהקיץ הקרוב. יש אפשרות לרכוש ריהוט כפרי איכותי ומהמם בנוסף. ניתן לראות את הדירה בשישי בין 11:00-12:00",
פתח תקווה,דירה,4 חד׳,"100 מ""ר",הפורצים,,רמת ורבר,2390000,5,קומה 4 מתוך 5,TRUE,TRUE,FALSE,FALSE,חדש,TRUE,FALSE,FALSE,TRUE,גמיש,לא,Nan,דירה משופצת מהיסוד שירותים כפולים מקלחת חדשה מטבח גדול ומפואר ריצפה גרניט פורצלן דלתות פנדור חלונות חדשים,
פתח תקווה,דירה,4 חד׳,"79 מ""ר",ברנדייס,18,שיפר,2140000,6,קומה 3 מתוך 4,TRUE,TRUE,FALSE,FALSE,שמור,TRUE,TRUE,TRUE,TRUE,יונ-23,לא,Nan,"בבלעדיות, בהזדמנות דירה במצב מצוין, יחידת הורים, בניין מטופח ונקי, 3 כיווני אוויר, חניה מקורה, רחוב שקט ומבוקש, בניין בוטיק 8 דיירים, 2 דירות בקומה. הדירה מושכרת, לשוכרים הקיימים יש עניין להמשיך לגור בדירה. קרבה לרכבת הקלה.",
פתח תקווה,דירה,5 חד׳,"122 מ""ר",הרב משורר ישעיהו,4,הדר גנים,3200000,3,קומה 13 מתוך 18,TRUE,FALSE,TRUE,TRUE,שמור,TRUE,FALSE,TRUE,TRUE,מיידי,לא,1,"דירת 5 חדרים, עם הכנה לחדר שישי, בפרויקט חכמת שלמה. 3 מעליות בבניין (2 מעליות שבת), קומה גבוהה ומאווררת עם נוף מהמם. מרפסת שמש בגודל 11 מטר (חצי ממנה סוכה). מזגן מרכזי, ממ'ד, 3 חדרי שירותים, חדר כביסה, סורגים בכל הבית. 2 חניות מקורות פרטיות ומחסן פרטי צמוד לחניות. פינוי בקיץ",
פתח תקווה,דירה,5 חד׳,"130 מ""ר",כץ מיכל לייב,94,כפר גנים ב,3350000,18,קומה 18 מתוך 26,TRUE,FALSE,FALSE,FALSE,משופץ,TRUE,FALSE,TRUE,TRUE,גמיש,כן,2,"דירה בפרויקט מרום נווה , הבניין נבנה על ידי תדהר . הדירה עברה שיפוץ בקבלת הדירה : שדרוג מטבח , מזגנים , ארונות , ספינקלרים , חדר מאסטר הורים ענק [כ25 מטר] מקלחת משודרגת ועוד הרבה דברים מיוחדים",
פתח תקווה,דירה,2.5 חד׳,"49 מ""ר",פינס יחיאל מיכל,29,המרכז השקט,1575000,3,קומה 2 מתוך 3,FALSE,FALSE,FALSE,FALSE,שמור,FALSE,FALSE,TRUE,FALSE,גמיש,לא,Nan,"ברוכים הבאים לפינס 29 יש לנו דירת 2.5 חדרים בקומה 2 ללא מעלית , חניה משותפת הדירה מושכרת . יש פוטנציאל עתידי לפינוי בינוי. לתאום סיור בנכס : ארתור אדריי יועץ הנדלן שלכם :)",
פתח תקווה,דופלקס,5 חד׳,"110 מ""ר",ברנדייס,3,שיפר,3190000,13,קומה 6 מתוך 6,TRUE,FALSE,FALSE,FALSE,משופץ,TRUE,TRUE,TRUE,TRUE,גמיש,לא,14,את הדירה הנדירה הזו לא תרצו לפספס!!!קומות 5 ו6 עם כניסות נפרדות2 מרפסות שמש (אחת 25 מר ושנייה 6 מר)יחידת הורים3 שירותים 2 מקלחותנקודות רשת אינטרנט בכל החדריםנקודות מים וגז במרפסת הגדולהבניין בוטיק במיקום מצויןשווה בדיקה!,
פתח תקווה,דירה,3.5 חד׳,"82 מ""ר",רוטשילד,142,המרכז השקט,1820000,14,קומה 2 מתוך 4,FALSE,FALSE,FALSE,FALSE,משופץ,TRUE,FALSE,FALSE,FALSE,אוג-23,חלקי,3,"דירה מקסימה מרווחת מוארת ושקטה, בניין פנימי לא קרוב לכביש. מיקום מרכזי שופצה לפני 4 שנים דוד שמש הוחלף לפני שנתיים ריהוט : ארון בחדר הורים, ארון בחדר ילדים , מזנון , מקרר, תנור בילד אין, כיריים אפשרות לשיפוץ קל לפני הקנייה לרציניים",
פתח תקווה,דירה,3.5 חד׳,"85 מ""ר",פרידמן אלעזר,7,צמרת גנים,2120000,5,קומה 5 מתוך 8,FALSE,FALSE,FALSE,FALSE,שמור,FALSE,FALSE,FALSE,FALSE,מיידי,לא,2,"מפרטי, ללא תיווך - דירת 3.5 חדרים שמורה היטב עם מרפסת שמש גדולה עם נוף פתוח, מיזוג מרכזי, ממ״ד, מרפסת שירות, מחסן בקומת קרקע + 2 חניות. מיקום מעולה בשכונת עין גנים המבוקשת, דקה מקניון סירקין, יציאה מהירה לכבישים 471, 40, 5, צמודה לבתי ספר וגנים, גני שעשועים ותחבורה ציבורית.",
צפת,דירה,4.5,"90 מ""ר",לוחמי הגטאות,52,nan,1550000,2,קומה 1 מתוך 2,FALSE,TRUE,TRUE,TRUE,משופץ,TRUE,FALSE,FALSE,TRUE,גמיש,חלקי,3,"בשכונה שקטה ונעימה, קומה ראשונה סלון גדול עם מטבח פתוח נעים עם הרבה שיש. 3 חדרי שינה כשאחד מהם גדול במיוחד!",
צפת,דירת גן,6.5,"250 מ""ר","כ""ב ילדי מעלות",264,בן גוריון כנען,1750000,4,קומה 2 מתוך 3,TRUE,TRUE,FALSE,TRUE,שמור,TRUE,TRUE,TRUE,TRUE,מיידי,חלקי,3,"דירה 150 מ""ר כולל מרפסת גדולה עם נוף ישיר לכנרת + יחידת נופש צמודה (יחידת הנופש מושכרת באתרי אירוח ומכניסה כ4000 ש""ח בחודש) + חצר 30 מ""ר בכניסה לדירה וליחידת + מחסן",
צפת,דירת גן,9,"160 מ""ר","צה""ל",nan,מאור חיים,1550000,1,קומת מרתף,TRUE,TRUE,FALSE,TRUE,שמור,TRUE,FALSE,TRUE,TRUE,גמיש,מלא,3,"למכירה דירה 4 חדרים עם נוף מהמם למירון לטבריה בשכונה חרידית של מאור חיים בצפת. מיקום טוב בתי כנסת , מרכז מסחרי , תחנות אוטובוס , מוסדות חינוך בקרבת הדירה",
צפת,דירה,4,"65 מ""ר",לוחמי הגטאות,nan,nan,1000000,4,קומה 2 מתוך 9,FALSE,FALSE,TRUE,TRUE,FALSE,FALSE,TRUE,FALSE,TRUE,nan,ללא,3,"אזור חרדי ומבוקש דירה 120 מטר מרווחת ומוארת 3 חדרי שינה וסלון ענק נוף מדהים קומה נוחה קרוב להכל תחבורה, סופרים, גני שעשועים דירה נדירה!!",
צפת,דירת גן,4,"75 מ""ר","האר""י",1,nan,1650000,2,קומת קרקע,TRUE,TRUE,TRUE,TRUE,שמור,FALSE,TRUE,TRUE,TRUE,nan,nan,5,"דירה המחולקת ל-2 עם 2 כניסות נפרדות ו-2 מרפסות נפרדות. נגישות ישירה לדירה דירה מרווחת, מאווררת, מוארת, במצב טוב, הוסבה לצימרים בעתיקה מושכרת כרגע יחידה אחת ב-3,500 מחיר גמיש הדירה מכילה: 2 מיטות זוגיות+ שידות ספה נפתחת 2 מקררים מכונת כביסה 2 מערכות ישיבה 2 ארונות 2 מערכות ריהוט גן",
צפת,דירה,5,"180 מ""ר",הרצל,nan,nan,4200000,1,קומה 2 מתוך 4,TRUE,FALSE,FALSE,FALSE,משופץ,FALSE,FALSE,TRUE,FALSE,nan,חלקי,6,משופץ חדש וברמה בנין מבוקש קרוב לרח' הנשיא (ללוב),
צפת,טריפלקס,10,"380 מ""ר","הפלמ""ח",nan,nan,8300000,6,קומה 1,TRUE,TRUE,FALSE,TRUE,משופץ,TRUE,TRUE,TRUE,FALSE,גמיש,חלקי,6,נכס מיוחד והיסטורי שמתאים להיות כמלון בוטיקבעתיקה. החדרים בנויים כחדרי סוויטהקיימות 5 מרפסות נוף,
צפת,דירה,4,"100 מ""ר",שפרינצק,329,nan,1550000,4,קומה 2 מתוך 4,FALSE,FALSE,TRUE,TRUE,שמור,TRUE,FALSE,FALSE,FALSE,nan,מלא,6,"נכס רחב כפיים מבורך באנרגיה טובה !ממוקם ליד כל בקשה אפשרית,מרחב פתוח,בית ספר דתיים ישיבות ,סופר ,תחבורה צ !! בית מלא קדושה",
בת ים,דירה,4.5 חד׳,"125 מ""ר",קרן היסוד,,רמת הנשיא,3300000,5,קומה 1 מתוך 9,TRUE,TRUE,TRUE,TRUE,TRUE,TRUE,TRUE,FALSE,חדש,גמיש,לא צויין,15,"דירה מהממת בשכונה המבוקשת ביותר בעיר.
רחבת ידים מעוצבת ומתוכננת היטב. שרותים ומקלחת כפולים. מרפסת שטופת שמש. שתי חניות . צמודה לפארק ירוק לבתי הספר וגני הילדים.
לכם נותר להגיע עם המזוודות.. .",
בת ים,דירה,4 חד׳,"105 מ""ר",בלפור,,דרום מערב,1980000,12,קומה 1 מתוך 5,TRUE,TRUE,TRUE,TRUE,FALSE,FALSE,FALSE,FALSE,שמור,מיידי,לא צויין,10,"בלפור פינת טבנקין, דירה ענקית צמודה לרכבת הקלה ומרחק 5 דקות הליכה לים. סלון ענק כ 35 מ""ר. חדרים גדולים מאוד ( חדר אחד 17 מ""ר), חניה מקורה בטאבו. אמבטיה ושירותים הוחלפו כולל צנרת. בניין מטופח ומתוחזק היטב.
דיריה מוארת ומאווררת מאוד. דירת ירושה חייבת להימכר בהקדם!!!",
בת ים,דירה,3 חד׳,"80 מ""ר",הנביאים,42,דרום מערב,2350000,8,קומה 3 מתוך 4,TRUE,TRUE,TRUE,FALSE,TRUE,FALSE,FALSE,FALSE,משופץ,גמיש,לא צויין,4,"דירה מרווחת מוארת ומשופצת. 
מפרטי. ללא עמלת תיווך! 
כ- 80 מ""ר. 3 חדרים גדולים.
קומה 3 מתוך 4.
בבניין מעלית (כחדשה. שופצה מהיסוד לפני כשנה) 
חזית לנביאים. פתוחה ומוארת. 
2 כיווני אויר: צפון ומזרח.
2 חניות בטאבו. 
נציגי הבניין החלו בתהליך פינוי בינוי.
מיקום: מרחק הליכה של מס' דקות:
- מהים.
- מהרכבת הקלה (ניסנבאום, בלפור, יוספטל).
- מהמרכז החדש של בת ים (פארק הים).
מתווכים נא לא להתקשר!!!",
בת ים,דירה,4 חד׳,"99 מ""ר",ירושלים,47,עמידר/ניצנה,2450000,1,קומה 2 מתוך 7,TRUE,FALSE,FALSE,TRUE,FALSE,TRUE,FALSE,FALSE,משופץ,גמיש,חלקי,4,דירה גדולה ומאורת צמוד לרכבת הקלה לקראת סיום תמא 38 מעולה למגורים ולמשקיעים ללא תיוך,
בת ים,דירה,4 חד׳,"90 מ""ר",הנביאים,,דרום מערב,2290000,7,קומה 2 מתוך 7,TRUE,TRUE,FALSE,TRUE,TRUE,TRUE,FALSE,FALSE,שמור,מיידי,לא צויין,0,"בבלעדיות 4 חדרים בנין חדש אחרי תמ״א 38 , 200 הליכה לים בתי הקפה והמסעדות , מרפסת שמש , ממד , מעלית במחיר מציאה כניסה מיידית מפתחות במשרד",
בת ים,דירה,3 חד׳,"83 מ""ר",השבטים,12,רמת הנשיא,2299000,4,קומה 8 מתוך 36,TRUE,TRUE,TRUE,TRUE,FALSE,TRUE,TRUE,FALSE,חדש מקבלן,אוק-25,ללא,7,הבנייה בעיצומה. הדירה נמצאת בבניין הצפוני (מספר 1) ופונה לכיוון דרום מערב שתי קומות מעל גינת דיירים גדולה. צמוד לרכבת הקלה ו 10 דק' מתחנת הקוממיות. פרויקט מעולה של אזורים.,
בת ים,דירה,4 חד׳,"87 מ""ר",קלויזנר,10,בית וגן,2070000,3,קומה 2 מתוך 3,FALSE,TRUE,FALSE,FALSE,FALSE,FALSE,FALSE,FALSE,משופץ,מיידי,לא צויין,10,ללא תיווך..ברחוב קלאוזנר דירה שהוסבה ל4 חדרים מלאים בגודל של 87 מטר חזית !! משופץ מהיסוד (ריצוף/מרפסת שמש / מזגן בכל חדר / תריסים חשמליים בכל הבית /דלתות מעוצבות ועוד.. )... לא בשבת בבקשה.. יש עוד מקום לממש מעט של גמישות במחיר אבל בנכס ולא בטלפון .... מתווכים נא לא להתקשר,
בת ים,דירה,4 חד׳,"130 מ""ר",יצחק שדה,4,מתחם גן העיר,3700000,12,קומה 19 מתוך 30,TRUE,TRUE,TRUE,TRUE,FALSE,TRUE,TRUE,FALSE,חדש,מיידי,לא צויין,0,"דירת 3 חדרים ענקית כ-120 מ""ר בנוי (4 חדרים במקור- ניתן להחזירה בקלות). 2 חדרי שינה. 2 חדרי רחצה וחדר שירות. מרפסת 16 עם נוף לים. בניין עם שומר 24/7, חדר כושר, חדר דיירים, פארק מצד אחד וים מצד שני. 4 מעליות.400 מ' הליכה לים. חניה ומחסן צמודים.",
בת ים,דופלקס,5 חד׳,"175 מ""ר",רובע העסקים,,,6500000,4,קומה 29 מתוך 30,TRUE,TRUE,TRUE,TRUE,TRUE,TRUE,TRUE,FALSE,חדש מקבלן,גמיש,לא צויין,60+,"דופלקס צפון מערבי בקומה גבוהה עם נוף מרהיב לים
בנוי 160 מ״ר + מרפסת 30 מ״ר
5 חדרים
חלל מגורים גבוה
מחסן
חניה תת קרקעית",
רמת גן,דו משפחתי,7,300,האחים ליטוינסקי,1,קרית קריניצי,8700000,3,קומה 6 מתוך 11,TRUE,TRUE,TRUE,TRUE,שמור,TRUE,TRUE,TRUE,FALSE,גמיש,כן,10,"ברמת גן ברחוב האחים ליטוינסקי המבוקש,לא כדאי לפספס!!! כ300 מטר בארנונה פלוס מרפסת. 7 חדרים ענקיים קומה 6 מעלית,ממ""ד,מרפסת שמש ומזגנים בכל החדרים,ללא תיווך!",
רמת גן,פנטהאוז,4,158,השלוח,10,יד לבנים,4500000,8,קומה 16 מתוך 19,TRUE,TRUE,FALSE,FALSE,משופץ,TRUE,TRUE,FALSE,FALSE,מיידי,חלקי,12,"הדירה משופצת חלקית בטעם טוב , פונה לעורף לכיוון המערב .יש מרפסת שמש של 20 מ""ר , ממ""ד מעלית וחנייה. מבחינת אזור - הרחוב שקט ופסטורלי המון גני שעשועים בסביבה במרחקי הליכה. ממש מעבר לכביש יש מכולת שכונתית מעולה, מרכז קניות שיש בו כל מה שצריכים. ועוד נתון חשוב גישה נוחה ליציאה מהעיר.",
רמת גן,דירה,5,132,אחד העם,14,רמת שקמה,4200000,8,קומה 18 מתוך 20,TRUE,TRUE,TRUE,FALSE,חדש,FALSE,FALSE,TRUE,FALSE,גמיש,כן,15,"במיקום מצוין , דירה ענקית משופצת ויפיפייה, חניה מקורה בטאבו, 3 כיווני אויר, 6 דקות הליכה מהרכבת הקלה , 5 דקות הליכה לשוק, גמיש במחיר.",
רמת גן,דירה,5,130,יהודה הנשיא,16,רמת גן,3470000,4,קומה 7 מתוך 12,TRUE,TRUE,TRUE,FALSE,משופץ,TRUE,FALSE,TRUE,FALSE,גמיש,כן,1,"דירה ענקית ומרווחת , קומה 7 כיוון כללי מערב , ללא בניינים גבוהים צמודים , שמורה ומסודרת , סלון וחדרים ענקיים , ארונות קיר בחדרים , מטבח שמור כחדש , מזגן בכל חדר , ובסלון , 2 שרותים , 2 מקלחות , מרפסת שרות.",
רמת גן,דירה,4.5,115,שדרות הגבורים,1,רמת גן,3800000,5,קומה 6 מתוך 6,TRUE,FALSE,TRUE,TRUE,משופץ,TRUE,TRUE,TRUE,TRUE,גמיש,חלקי,13,"דירה מהממת בשכונה מדהימה, רחבת ידים - מעוצבת ומתוכננת היטב. שירותים ומקלחת כפולים. מרפסת שטופת שמש. שתי חניות . צמודה לפארק ירוק לבתי הספר וגני הילדים.",
רמת גן,דו משפחתי,8,280,דקר,3,רמת חן,11500000,6,קומה 12 מתוך 14,TRUE,TRUE,FALSE,FALSE,משופץ,TRUE,FALSE,FALSE,TRUE,גמיש,כן,60+,"דו משפחתי מעלף וענקי, באיזור הכי שווה שיש, גני ילדים ובתי ספר במרחק הליכה. הדירה משופצת ושמורה ביותר, לא כדאי לפספס!",
רמת גן,דירת גן,4,100,רוקח,116,שיכון ותיקים,5690000,3,קומה 4 מתוך 17,TRUE,TRUE,FALSE,FALSE,חדש,FALSE,TRUE,TRUE,FALSE,מיידי,כן,21,"דירה יפה מאוד, שמורה במצב מצוין, ניתן להשאיר את הריהוט.",
רמת גן,דירה,5,135,המעיין,3,הבורסה,5000000,8,קומה 7 מתוך 18,TRUE,TRUE,TRUE,FALSE,משופץ,FALSE,TRUE,FALSE,TRUE,מיידי,חלקי,8,"דירה מקסימה מרווחת מוארת ושקטה, בניין פנימי לא קרוב לכביש. מיקום מרכזי שופצה לפני 4 שנים דוד שמש הוחלף לפני שנתיים ריהוט : ארון בחדר הורים, ארון בחדר ילדים , מזנון , מקרר, תנור בילד אין, כיריים אפשרות לשיפוץ קל לפני הקנייה לרציניים.",
רמת גן,דירה,4,114,לאן,10,שכונת הראשונים,4000000,5,קומה 1 מתוך 16,TRUE,TRUE,FALSE,TRUE,חדש,TRUE,TRUE,TRUE,FALSE,גמיש,כן,9,"דירת 4 חדרים ענקית כ-114 מ""ר בנוי. 2 חדרי שינה. 2 חדרי רחצה וחדר שירות. מרפסת 16 מ""ר עם נוף מרהיב. בניין עם שומר 24/7, חדר כושר, חדר דיירים, פארק מצד אחד וים מצד שני. 4 מעליות.",
רמת גן,פנטהאוז,5,145,המכבי,6,רמת גן,4350000,7,קומה 12 מתוך 12,TRUE,TRUE,FALSE,TRUE,שמור,FALSE,FALSE,TRUE,TRUE,מיידי,חלקי,9,"הפנטאהוז הכי יפה ברמת גן! מיקום מצוין, בתי ספר וגני ילדים בשפע במרחק הליכה, מרפסת שמש מהממת עם השקיעות הכי יפות שיש, מחכים לשמוע מכם :)",
רמת גן,דירה,4,100,השר משה,24,רמת גן,4000000,3,קומה 12 מתוך 18,TRUE,TRUE,TRUE,FALSE,חדש,FALSE,TRUE,FALSE,FALSE,גמיש,כן,10,"דירה יפה מאוד, קומה גבוהה עם נוף פתוח! מרפסת ישרה מהסלון ופונה לפנים המתחם. 15 מ' מרפסת.",
רמת גן,דירת גן,4,119,השחר,4,יד לבנים,3700000,2,קומה 20 מתוך 20,TRUE,TRUE,FALSE,TRUE,שמור,FALSE,TRUE,FALSE,FALSE,מיידי,אין,25,"פריים לוקשיין בשכונת יד לבנים המאוד מבוקשת!!! למכירה דירת 4 חדרים. שכונה ירוקה ושקטה! קרובה לכל מקום - יציאות מהעיר, בתי ספר, גני ילדים ועוד. מרפסת שמש ענקית כ-16 מ""ר + מחסן צמוד 5 מ""ר . חניה גדולה + יחידת הורים ומזגן בכל חדר. שווה לבקר!!!",
רמת גן,דירה,3,72,המכבי,10,רמת חן,2150000,5,קומה 10 מתוך 15,TRUE,TRUE,FALSE,FALSE,שמור,TRUE,TRUE,FALSE,FALSE,גמיש,כן,47,"דירה מהממת ומרווחת, מיקום מרכזי וקרוב להכל, גני ילדים ובתי ספר במרחק הליכה. הדירה שמורה ומסודרת , סלון וחדרים ענקיים , ארונות קיר בחדרים , מטבח שמור כחדש. מחכים לכם!",
רמת גן,דירה,4,130,המתמיד,19,מרכז העיר א',4200000,3,קומה 14 מתוך 18,TRUE,TRUE,FALSE,TRUE,חדש,TRUE,TRUE,FALSE,FALSE,מיידי,חלקי,43,"רוצים לגור 5 דקות ממרכז העסקים של רמת גן, ברחוב אהוב במיוחד? 4 חדרים מתוכננת נפלא, מחולקת ל 2 אגפים. יחידת ההורים נדירה בגודלה. הדירה חדשה בת שנתיים, עם מרפסת נאה בגודלה. הדירה מוארת ומאווררת. מרפסת גדולה ומוארת. מחסן גדול וחניה המשוייכים לדירה.",
רמת גן,דירה,4,110,עציון,2,רמת גן,3200000,7,קומה 8 מתוך 17,TRUE,TRUE,TRUE,FALSE,משופץ,FALSE,FALSE,TRUE,TRUE,גמיש,חלקי,10,"דירה חדשה מהקבלן באזור מבוקש. 4 חדרים, מרווחת ומוארת, 3 כיוווני אוויר.",
רעננה,דירה,4,100,בורוכוב,28,קרית דוד רמז,2900000,7,קומה 2 מתוך 5,TRUE,FALSE,FALSE,FALSE,משופץ,TRUE,FALSE,FALSE,TRUE,גמיש,"דירת 4 חדרים , יש בדירה ארון בחדר ילדים, שולחןפינת אוכל עם 4 כסאות. שידה במטבח ובסלון.",10,"למכירה, דירה, 4 חדרים, קומה 2, ברעננה, משופצת. כוונים מזרח וצפון. חדר שינה עם שירותים צמודים וחדר ארונות. הדירה פונה לרח חנקין, שקטה מאד. מרפסת שירות למטבח",
רעננה,בית פרטי,7.5,280,ידין יגאל,1,מרכז דרום,6690000,5,קומת קרקע,FALSE,TRUE,FALSE,FALSE,משופץ,TRUE,TRUE,TRUE,TRUE,מיידי,לא צויין,11,"מפרטי. בית דו משפחתי עם גינה שטופת שמש ממוקם ברחוב הולנדי ללא מוצא שקט. דקות הליכה מהמרכז. בקרבת סופר, בתי קפה ובתי ספר . 6 חדרי שינה מרווחים כולל אחד בקומת קרקע ואחד בעליית הגג 4 שירותים 3 מקלחות. עיצוב אדריכלי כפר בעיר - לבוא ולהכנס אחרי שיפוץ כללי. למהירי החלטה ללא תיווך",
רעננה,דירה,4.5,140,קזן,10,מרכז דרום,3730000,6,קומה 3 מתוך 6,TRUE,TRUE,FALSE,TRUE,משופץ,TRUE,TRUE,TRUE,TRUE,45352,לא צויין,18,"לא למתווכים!, ללא תיווך!, מתווכים לא להתקשר! דירה ענקית יפיפייה, 140 מ""ר+12.5 מ""ר מרפסת עם נוף חזיתי פתוח. מחסן גדול 6.5 מ""ר + חנייה מקורה. קומה שלישית גבוהה. חדשה אחרי תמ""א. שיפוץ מלא מלא (חשמל, צנרת, ריצוף, מטבח, מקלחות, דלתות, חלונות - הכול חדש). הדירה מושכרת עד מרץ 2024",
רעננה,דירה,3.5,75,גאולה,8,קרית שרת,3800000,7,קומה 2 מתוך 3,FALSE,TRUE,TRUE,FALSE,שמור,TRUE,FALSE,FALSE,FALSE,גמיש,לא צויין,18,"בהזדמנות! ללא תיווך! בניין לפני פינוי בינוי באיכות הגבוה והסטנדרטים של קידר(כולל שכירות לאורך התקופה). הבניין מוקף מדשאות וגינה ציבורית. כרגע חניה בשפע ולאחר הבניה חניה בטאבו. שכנים נאים ומקסימים, שכונה חמה ומחבקת, הבניין קרוב למרכז המסחרי השוקק ועם זאת לא על הכביש הראשי. לרצניים בלבד ומביני עניין",
רעננה,דירה,5,143,יעקב אורלנד,3,נווה זמר,4960000,4,קומה 1 מתוך 6,TRUE,TRUE,FALSE,TRUE,חדש,TRUE,TRUE,TRUE,TRUE,גמיש,לא צויין,20,"במיקום מושלם בשכונה,ללא בניה מסביב,עם נוף פתוח לפארק,עם שכן 1 בקומה,שמורה ויפה. 2 חניות(תת קרקעית ועליונה). 137 מ״ר נטו",
רעננה,דירה,4,100,מכבי,22,קרית דוד רמז,3300000,20,קומה 4 מתוך 6,TRUE,TRUE,FALSE,FALSE,חדש,TRUE,TRUE,TRUE,FALSE,גמיש,חלקי,19,"דירה מוארת מאוד בתכנון ועיצוב אדריכל, חדשה בבניין שעבר תמ''א בקומות החדשות,100 מ''ר בנוי + 12 מ''ר מרפסת, במיקום מנצח בעיר, קרוב לאחוזה אך ללא רעש בכלל, הבניין בסטנדרט גבוה, חזיתית לרחוב מכבי (כיוון מערב). יש מעלית שבת. אופציה לרכישה כולל הריהוט. כל הריהוט חדש ונקנה עבור הדירה.",
רעננה,פנטהאוז,5,170,קלאוזנר,7,מרכז דרום,6200000,4,קומה 7 מתוך 7,TRUE,TRUE,FALSE,TRUE,חדש מקבלן,TRUE,TRUE,TRUE,TRUE,גמיש,לא צויין,60+,"הדירה הכי גבוה ברעננה , נוף פתוח למערב , בניין הריסה ובניה !בבניין חדש דירת פנטהאוז גדולה כ 146 מר בנוי ומרפסת בקומה כ 40 מר ובנוסף גג מוצמד לדירה כ 50 מרמפרט עשיר הכולל מזגן VRF , מבחר גדול של ריצופים , מטבח יוקרתי , דלתות יוניק , מפתחי חלונות גדולים תריסים חשמליים, בידוד כפול.",
רעננה,דירה,4.5,154,ביאליק,7,מרכז דרום,3490000,16,קומה 1 מתוך 6,TRUE,TRUE,FALSE,FALSE,משופץ,TRUE,TRUE,TRUE,TRUE,גמיש,ללא,23,"בהזדמנות מפרטי! דירת 4.5 חדרים ענקית (154 בארנונה, 140 מ""ר נטו), משופצת אדריכלית. סלון ומטבח גדולים, סוויטת הורים, חדר ארונות, חדרי ילדים, ממ""ד, מרפסת שמש, וחניה שכורה. הדירה משופצת מהיסוד במסגרת תמ""א משנת 2015. יש מזגן מיני-מרכזי לסלון ועוד מזגן לכל חדר. והמיקום - מדהים. במרחק הליכה של דקה יש מכולת, מאפייה, סופרפארם, שני סופרים, פיצוציות, מסעדות, ולמי שרוצה - מגוון בתי כנסת. מתאימה למשפחה או לזוג. אנחנו עוזבים בצער ואתם מוזמנים לראות ולהתאהב. מתווכים - נא לא להתקשר, ובטח לא בשבת. כל השאר - מומלץ לסמס אבל אני גם עונה לשיחות :-)",
רעננה,דירה,5,117,מכבי,34,קרית דוד רמז,3420000,6,קומה 5 מתוך 7,TRUE,TRUE,FALSE,FALSE,חדש,TRUE,TRUE,TRUE,TRUE,45139,ללא,24,"דירה חדשה בבניין שעבר תמא, מוארת ויפה!! במיקום מעולה במרכז העיר, ליד גני ילדים ובתי ספר מעולים, ליד גינות וקרבה לאחוזה. 117 מטר נטו ועוד מרפסת 12 מטר. מרווחת, מתוכננת נכון. חדר שינה הורים עם שירותים ומקלחת ועוד חדר שירותים עם אמבטיה ובנוסף שירותי אורחים. מרפסת יפה עם בריזה נעימה כל השנה.",
רעננה,דופלקס,5.5,152,הסנונית,3,לב הפארק,4790000,4,קומה 2 מתוך 3,TRUE,FALSE,FALSE,FALSE,משופץ,TRUE,TRUE,TRUE,FALSE,45139,לא צויין,31,"דופלקס יפהפה במיקום נהדר, שקט, משופץ, שתי חניות, מזגנים, אופציה להוספת חדר נוסף, מרפסת ענקית למטה ועוד אחת למעלה. נא להתקשר אחרי 15:00",
רעננה,דירת גן,5,139,עלי מוהר,9,נווה זמר,5555555,4,קומת קרקע,TRUE,TRUE,FALSE,TRUE,חדש מקבלן,TRUE,FALSE,TRUE,FALSE,45717,ללא,4,דירת גן בפרוייקט יוקרתי בבניין בוטיק רק 12 דירות. מפרט טכני מאוד עשיר. 139 מ''ר בנוי עם גינה של 60 מ''ר. כניסה ומסירת הדירה : 03/2025 תיווך משה סידי,
רעננה,דירה,4,103,רימלט אלימלך,4,לב הפארק,3150000,6,קומה 3 מתוך 3,TRUE,TRUE,FALSE,FALSE,שמור,TRUE,TRUE,TRUE,FALSE,גמיש,ללא,9,"בקצה רעננה, צופה על השדות דירת 4 חדרים למכירה! בלב הפארק - רחוב רימלט 85 מ""ר בנוי (103 בארנונה) מרפסת ממד חניה קומה 3 מתוך 3 בבניין בוטיק בן 6 דיירים בלבד זכויות לבנית 40 מ""ר נוספים על הגג! לפרטים נוספים ותיאום ביקור: עמית טל הנדלן החברתי של קלר ווילאמס,",
רעננה,דירה,4.5,154,ביאליק,7,מרכז דרום,3490000,16,קומה 1 מתוך 6,TRUE,TRUE,FALSE,FALSE,משופץ,TRUE,TRUE,TRUE,TRUE,גמיש,ללא,24,"בהזדמנות מפרטי! דירת 4.5 חדרים ענקית (154 בארנונה, 140 מ""ר נטו), משופצת אדריכלית. סלון ומטבח גדולים, סוויטת הורים, חדר ארונות, חדרי ילדים, ממ""ד, מרפסת שמש, וחניה שכורה. הדירה משופצת מהיסוד במסגרת תמ""א משנת 2015. יש מזגן מיני-מרכזי לסלון ועוד מזגן לכל חדר. והמיקום - מדהים. במרחק הליכה של דקה יש מכולת, מאפייה, סופרפארם, שני סופרים, פיצוציות, מסעדות, ולמי שרוצה - מגוון בתי כנסת. מתאימה למשפחה או לזוג. אנחנו עוזבים בצער ואתם מוזמנים לראות ולהתאהב. מתווכים - נא לא להתקשר, ובטח לא בשבת. כל השאר - מומלץ לסמס אבל אני גם עונה לשיחות :-)",
רעננה,דירה,5,143,יעקב אורלנד,3,נווה זמר,4960000,4,קומה 1 מתוך 6,TRUE,TRUE,FALSE,TRUE,חדש,TRUE,TRUE,TRUE,TRUE,גמיש,לא צויין,20,"במיקום מושלם בשכונה,ללא בניה מסביב,עם נוף פתוח לפארק,עם שכן 1 בקומה,שמורה ויפה. 2 חניות(תת קרקעית ועליונה). 137 מ״ר נטו",
רעננה,דירה,4,100,בורוכוב,28,קרית דוד רמז,2900000,7,קומה 2 מתוך 5,TRUE,FALSE,FALSE,FALSE,משופץ,TRUE,FALSE,FALSE,TRUE,גמיש,"דירת 4 חדרים , יש בדירה ארון בחדר ילדים, שולחןפינת אוכל עם 4 כסאות. שידה במטבח ובסלון.",10,"למכירה, דירה, 4 חדרים, קומה 2, ברעננה, משופצת. כוונים מזרח וצפון. חדר שינה עם שירותים צמודים וחדר ארונות. הדירה פונה לרח חנקין, שקטה מאד. מרפסת שירות למטבח",
רעננה,בית פרטי,7.5,280,ידין יגאל,1,מרכז דרום,6690000,5,קומת קרקע,FALSE,TRUE,FALSE,FALSE,משופץ,TRUE,TRUE,TRUE,TRUE,מיידי,לא צויין,11,"מפרטי. בית דו משפחתי עם גינה שטופת שמש ממוקם ברחוב הולנדי ללא מוצא שקט. דקות הליכה מהמרכז. בקרבת סופר, בתי קפה ובתי ספר . 6 חדרי שינה מרווחים כולל אחד בקומת קרקע ואחד בעליית הגג 4 שירותים 3 מקלחות. עיצוב אדריכלי כפר בעיר - לבוא ולהכנס אחרי שיפוץ כללי. למהירי החלטה ללא תיווך",
רעננה,בית פרטי,9.5,350,הורד,35,2005,8200000,1,קומה 4 מתוך 4,FALSE,TRUE,FALSE,TRUE,שמור,TRUE,TRUE,TRUE,FALSE,גמיש,ללא,13,"בית גדול מאוד , 3 כיווני אוויר , 2 מרפסות גדולות",
רעננה,דירה,4.5,140,קזן,10,מרכז דרום,3730000,6,קומה 3 מתוך 6,TRUE,TRUE,FALSE,TRUE,משופץ,TRUE,TRUE,TRUE,TRUE,45352,לא צויין,18,"לא למתווכים!, ללא תיווך!, מתווכים לא להתקשר! דירה ענקית יפיפייה, 140 מ""ר+12.5 מ""ר מרפסת עם נוף חזיתי פתוח. מחסן גדול 6.5 מ""ר + חנייה מקורה. קומה שלישית גבוהה. חדשה אחרי תמ""א. שיפוץ מלא מלא (חשמל, צנרת, ריצוף, מטבח, מקלחות, דלתות, חלונות - הכול חדש). הדירה מושכרת עד מרץ 2024",
רעננה,דירה,3.5,75,גאולה,8,קרית שרת,3800000,7,קומה 2 מתוך 3,FALSE,TRUE,TRUE,FALSE,שמור,TRUE,FALSE,FALSE,FALSE,גמיש,לא צויין,18,"בהזדמנות! ללא תיווך! בניין לפני פינוי בינוי באיכות הגבוה והסטנדרטים של קידר(כולל שכירות לאורך התקופה). הבניין מוקף מדשאות וגינה ציבורית. כרגע חניה בשפע ולאחר הבניה חניה בטאבו. שכנים נאים ומקסימים, שכונה חמה ומחבקת, הבניין קרוב למרכז המסחרי השוקק ועם זאת לא על הכביש הראשי. לרצניים בלבד ומביני עניין",
רעננה,דירה,4,100,מכבי,22,קרית דוד רמז,3300000,20,קומה 4 מתוך 6,TRUE,TRUE,FALSE,FALSE,חדש,TRUE,TRUE,TRUE,FALSE,גמיש,חלקי,19,"דירה מוארת מאוד בתכנון ועיצוב אדריכל, חדשה בבניין שעבר תמ''א בקומות החדשות,100 מ''ר בנוי + 12 מ''ר מרפסת, במיקום מנצח בעיר, קרוב לאחוזה אך ללא רעש בכלל, הבניין בסטנדרט גבוה, חזיתית לרחוב מכבי (כיוון מערב). יש מעלית שבת. אופציה לרכישה כולל הריהוט. כל הריהוט חדש ונקנה עבור הדירה.",
ירושלים,דירה,2.5,48,גבירצמן משה,12,פסגת זאב,1550000,4,קומה 2 מתוך 2,FALSE,FALSE,TRUE,FALSE,משופץ,TRUE,FALSE,FALSE,FALSE,גמיש,חלקי,5,"דירת 2.5 חדרים 48 מ״ר + הייתר ביד להוצאת מרפסת סוכה מהסלון בגודל 9 מ״ר . חדרים גדולים , חצי חדר בגודל 8מר !! משופצת ומעוצבת . איזור שקט ונעים , בתי כנסת, סופרים, מעונות וגני ילדים באיזור, בניין רגוע שכנים טובים. מרחק של כ-5 דק נסיע לרכבת הקלה, ללא תיווך!!!!!! גמיש לרציניים!!!!",
ירושלים,דירה,3,94,רבדים,6,ארנונה (תלפיות),3450000,4,קומה 4 מתוך 5,TRUE,FALSE,FALSE,FALSE,חדש מקבלן,TRUE,TRUE,TRUE,TRUE,45292,לא צויין,5,"למכירה בארנונה - נכס נדיר! דירה חדשה שנבנית בחלק הישן של השכונה, אזור אקסקלוסיבי שכמעט ואין בו בנייה חדשה. הזדמנות נפלאה לרכישת דירת 3 חדרים מרווחת, חדשה לגמרי. ממוקמת באחד הרחובות הטובים ביותר. הדירה תהיה מוכנה בעוד כ - 6 חודשים. בניין בוטיק עם 8 יחידות בלבד. מאפייני הדירה: 94 מ״ר 3 חדרים מרווחת מרפסת סוכה (10 מ״ר) 2.5 חדרי רחצה מלאים קומה 4 מעלית מפרט טכני גבוה ביותר מחיר מבוקש 3.450.000 ₪ יאיר בושירה - הנדל״ן",
ירושלים,דירה,3,79,קרית משה,3,קרית משה,3400000,5,קומה 20,TRUE,TRUE,FALSE,FALSE,חדש מקבלן,TRUE,TRUE,TRUE,TRUE,מיידי,מלא,5,"דירת 3 חד' עם מרפסת סוכה במגדל היוקרה רובע 1 בירושלים - בכניסה לעיר , מול רובע העסקים החדש שנבנה בימים אלו , הדירה שימשה כדירה לדוגמה מרוהטת ומאובזרת כולל מוצאי חשמל, מיטות וסלון , גופי תאורה , חימום תת רצפתי, מיזוג אוויר מרכזי וחניה מקורה . לכניסה מיידית , נוף מדהים , מחיר ירד !",
ירושלים,דירה,4,80,ורבורג,5,קרית היובל,2650000,8,קומה 5 מתוך 8,TRUE,FALSE,FALSE,FALSE,ישן,FALSE,FALSE,FALSE,FALSE,גמיש,לא צויין,6,"בקרית יובל הירוקה. 4 חדרים מרווחת מאד. סלון, פינת אוכל ומטבח מרווחים. חדרי שינה גדולים ומרפסת מקורה. נוף מקסים, חניה חופשית. מיקום פנטסטי ושקט. בסמיכות לתחנת רכבת קלה, תחבצ ומרכז מסחרי",
ירושלים,דירה,2,40,אלפסי,32,רחביה,2800000,10,קומת קרקע,FALSE,FALSE,FALSE,FALSE,משופץ,TRUE,TRUE,FALSE,TRUE,גמיש,מלא,6,"נכס חדש בבלעדיות ! למכירה בשכונת רחביה היוקרתית בירושלים ברחוב ״ אלפסי ״ המבוקש 2 חדרים גדולים מרוהטת + גינה 25 מטר! דירה משופצת להשקעה, תשואה גבוהה! מושכרת 5500 לטווח ארוך מותאמת גם להשכרה לטווח קצר Booking & Airbnb",
ירושלים,דירה,3,60,עזה,58,רחביה,4100000,10,קומה 3 מתוך 3,FALSE,FALSE,FALSE,FALSE,משופץ,TRUE,FALSE,FALSE,FALSE,גמיש,ניתן לקנות עם ריהוט מלא [פרטי מעצבים!] פלוס כל מכשירי החשמל.,6,"דירה משגעת עם חוזה חתום לתמא!! משופצת אדריכלית ברמה הכי גבוהה שיש, מוארת, כיוונים מעולים (דרום-מערב), פתוחה לנוף ירושלמי, חלונות עם פרופיל בלגי, רשתות, אמבטיית פרי סטנדינג (שניתן בקלות להפוך לאמבטיה רגילה), מקלחון גדול, מלאה במקומות אחסון, מרפסת לנוף, מזגנים של מיצובישי, שעוני שבת. חוזה חתום לתמא- תוספת של 25 מ', מעלית ומחסן. צפי התחלת בנייה בעוד שנה. ניתן לקנות מרוהטת. מעולה להשכרה כדירת rbnקרא עוד",
ירושלים,דירת גן,4,90,מרידור אליהו,40,פסגת זאב,2800000,5,קומת קרקע,TRUE,TRUE,TRUE,TRUE,משופץ,TRUE,TRUE,TRUE,TRUE,גמיש,לא צויין,6,שילוב נדיר של פנטהאוז ודירת גן מהממת. מוארת מאוד. פרגולות במרפסת ובגינה וגדר אלומניום. יונקרס הסקות כניסה פרטית. מחסן 2 חניות מקורות. מהממת,
ירושלים,דירה,3,65,רובוביץ אלכסנדר,7,ארמון הנציב,2050000,11,קומת קרקע,FALSE,FALSE,TRUE,FALSE,משופץ,TRUE,FALSE,FALSE,TRUE,גמיש,לא צויין,6,"דירה מיוחדת בקומת כניסה , ללא מדרגות כלל. שופצה מהיסוד ( ריצוף, אינסטלציה, חשמל ,אמבטיה, חלונות ), כולל יונקרס והסקות, סורגים, רשתות קרובה מאוד לגני ילדים ותחנת אוטובוס מזגנים בסלון ובחדר השינה בתהליך פינוי בינוי פינוי גמיש",
ירושלים,דירת גן,4,105,ליפצ'ין סול,28,הר חומה,2670000,14,קומת קרקע,TRUE,TRUE,TRUE,TRUE,שמור,TRUE,TRUE,TRUE,TRUE,גמיש,לא צויין,5,"ללא תיווך!! מציאה!! למכירה דירת גן בהר חומה 4 חדרים עם מחסן צמוד , יכול לשמש כחדר חמישי. יש בדירה יונקרס, דוד חשמל,דוד שמש,מעלית, מחסן קטן בגינה,חשמל תלת פאזי מזגנים חדשים בכל הדירה גינה 80 מטר מרוצפת בחלקה. סלון ומטבח מרווחים פינת אוכל מוגדרת . 2 שירותים,2 מקלחות,ממ""ד שכנים. טובים,רחוב שקט. קרוב לבתי כנסת. תחנות ומרכזי קניות. סורגים ורשתות בדירה. גישה לנכים לא בשבת .רצוי.עד תשע בערב",
ירושלים,דירה,3.5,73,שושנה,7,קרית משה,2650000,3,קומה 1 מתוך 3,FALSE,FALSE,TRUE,TRUE,שמור,TRUE,TRUE,FALSE,FALSE,גמיש,מלא,6,דירה מוארת 3כיווני אויר.מיקום קרוב לרכבת הקלה וליציאה לבגין/יציאה מהעיר.רחוב שקט באזור מתפתח.קרוב למכולת 24/6 ולבתי הכנסת המרכזיים.,
נוף הגליל,דירת גן,3,159,ניצנית,10,זאב,1560000,5,קומה 2 מתוך 3,FALSE,FALSE,TRUE,TRUE,משופץ,TRUE,FALSE,FALSE,FALSE,גמיש,חלקי,,"דירת גן שמורה ומטופחת. מטבח, מזגנים בכל החדרים. ריהוט חלקי.
גינה מטופחת עם עצי פרי, פרגולה.
87 מ""ר בנוי, 72 מ""ר גינה.
ללא תיווך.",
נוף הגליל,דירה,4,96,נורית,3,נוף יזרעאל,1500000,5,קומה 2 מתוך 3,FALSE,FALSE,FALSE,FALSE,משופץ,TRUE,TRUE,FALSE,FALSE,45261,חלקי,,"למכירה דירה בנוף הגליל (בעבר נצרת עילית). 
דירה בת 4 חדרים בקומה 2 בבניין של 3 קומות. בחדר מדרגות רק 4 דירות (לדירות קרקע יש כניסה נפרדת). 
רחוב שקט ללא מוצא בשכונה (נוף יזרעאל) הכי יפה ויוקרתית בעיר. 
בית נמצאה במרחק הליכה ממרכזי קניות, בילוים, קופ''ח.
דירה מאווררת ומוארת פתוחה לנוף יפה. 
מבנה איכותית עשוי מבלוק איטונג. 
שטח דירה: 96 מטר מרובע. 
שתי מרפסות מקורות: בסלון ובחדר שיינה סה''כ: 12 מטר מרובע.
אופציה של 10 מטר מרובע (ארכבה עד 20 מטר מרובע) לתוספת בנייה בצד של מטבח (רשום בטאבו).
מחיר גמיש.",
נוף הגליל,דירה,3,78,הרב פנחס מילר,1,הר יונה ג',985000,0,קומה 5 מתוך 8,FALSE,FALSE,FALSE,FALSE,חדש,TRUE,FALSE,FALSE,FALSE,לא צויין,לא צויין,,"דירה יפה, חדשה, מקום נפלא אזור דתי חרדי, נוף מדהים, דירה ומוארת ויפה",
נוף הגליל,דירה,3,70,דרך אריאל שרון,19,שלום,1030000,0,קומת קרקע,FALSE,FALSE,TRUE,FALSE,משופץ,TRUE,FALSE,FALSE,FALSE,לא צויין,לא צויין,,"דירה שמורה עם שני כיווני אוויר, חזיתית לכיוון מערב. בבניין 14 דיירים בלבד. לשכונה תכנית תמא38 במסגרתה אופציה להגדיל ל מעל 90 מ""ר. לרוכשים רציניים בלבד!!! לא לתיווך !!!",
נוף הגליל,דירה,4,91,הרב עובדיה יוסף,1,צפונית,1050000,0,קומה 1 מתוך 3,TRUE,FALSE,FALSE,TRUE,משופץ,TRUE,FALSE,TRUE,FALSE,לא צויין,לא צויין,,דירה ממש יפה ברחוב הרב עובדיה יוסף 1 *דירה ממש יפה,
נוף הגליל,דירה,2,45,מנחם אריאב,27,צפונית,660000,0,קומה 1 מתוך 3,FALSE,FALSE,TRUE,FALSE,משופץ,TRUE,FALSE,TRUE,FALSE,לא צויין,לא צויין,,בית מסודר יפה ושמור .. ללא טיווח . משקיעים בבקשה !! בית לא חסר לו בורג אחד . מתאים לדיור ולהשכעה !!,
נוף הגליל,דירה,4,106,חרוד,16,אשכול,1230000,9,קומה 5 מתוך 16,TRUE,FALSE,FALSE,TRUE,משופץ,TRUE,FALSE,FALSE,FALSE,מיידי,ללא,,"דירה מקסימה, מוארת ומסודרת בבניין מתחדש *להיכנס ולגור* עם נוף עוצר נשימה לכיוון עמק יזרעאל. 
עברה שיפוץ, כולל ריצוף, חלונות חדשים, שדרוג חדר רחצה ומטבח. בדירה ישנם 2 ארונות בגדים גדולים ואיכותיים וארון מחסן - הכל עבודת נגרות. 
הבניין ממוקם במרחק הליכה ממרכז מסחרי, בנק, דואר, קופת חולים כללית ועוד. חניה בשפע.",
נוף הגליל,דירה,4,106,חרוד,16,אשכול,1350000,10,קומה 7 מתוך 16,TRUE,FALSE,TRUE,FALSE,משופץ,TRUE,FALSE,TRUE,TRUE,מיידי,מלא,,"פרטי הריהוט:
4 מזגנים, מטבח מאובזר כולל מדיח אינטגרלי BOSCH, מקרר שארפ, תנור אפיה אינטגרלי BOSCH, כיריים אינטגרליים BOSCH, סלון עור 1+2+3; 3 ארונות גדולים. ספת נוער. מיטת תינוק

פירוט הנכס:
הבניין עבר שיפוץ חיצוני כולל משטחים קומתיים, הלפת ארונות חשמל וגז. נוף לעמק ולמזרח, תריס חשמלי, ""בוידם"" גדול, ממ""ד קומתי, מקלט גדול, חנייה חופשית מאחורי הבניין, חנייה עירונית בחזית, פיר אשפה דו קומתי. שני חדרי שירותים. בקרבה של 50 מ' ממרכז מסחרי כולל בנק, תחנות אוטובוס, מרפאה כללית ומקצועית.",
נוף הגליל,דירה,3,74,דרך אריאל שרון,19,שלום,950000,4,קומה 2 מתוך 4,FALSE,FALSE,FALSE,FALSE,שמור,FALSE,FALSE,FALSE,FALSE,מיידי,לא צויין,,,
נוף הגליל,דירת גן,4,91,הרב פנחס מילר,6,הר יונה ג',1700000,0,קומת קרקע,TRUE,FALSE,FALSE,TRUE,שמור,TRUE,FALSE,TRUE,TRUE,לא צויין,"כל החצר דשא סינטטי ומרוצף. פרגולה על כל החלק הקדמי של החצר. ספריית גבס מפוארת עם ויטרינה, הכל מוגן מאש.",,"דירת גן בקומה מינוס 1 (כתבתי קומה 1 כי לא היתה אופציה של מינוס). מדובר בדירה שקבלתי ישירות מהקבלן, מצב שמור מאד. כל הדירה ממוזגת כולל החצר. יש רשתות בכל הדירה. סלון מרווח מאד. חדרים מרווחים. לדירה מוצמדות 2 חניות מקורות שנסגרו למחסן / חנות / משרד עם מים וחשמל",
נוף הגליל,דירה,3,80,הרב עובדיה יוסף,1,צפונית,1100000,0,קומה 4 מתוך 6,TRUE,FALSE,TRUE,FALSE,חדש מקבלן,TRUE,FALSE,TRUE,FALSE,גמיש,לא צויין,,מיקום חרדי ממש בנין חדש מהקבלן לתמונות הנכס ניתן ליצור קשר לא בשבת,
ירושלים,דירה,3 חד׳,"63 מ""ר",הרב צבי יהודה,1,קריית משה,3750000,4,קומה 3 מתוך 3,FALSE,FALSE,FALSE,FALSE,משופץ,TRUE,TRUE,FALSE,FALSE,גמיש,לא צוין,,"מיוחדת להשקעה !!! הדירה בעלת אפשרות הכפלת השטח על ידי בנייה על הגג 63 מ''ר, הגעה ל 126 מ""ר. בנוסף קיימת אפשרות למרפסת סוכה גדולה. לדירה 3 כיווני אוויר (מה שאין לרוב מוחלט של הדירות) האזור בתהליכי התחדשות עירונית עם פוטנציאל לקבלת תמורות גדולות מאד (הכפלת שטח הדירה) בסיום התהליך. מתאימה מאד למשקיעים הדירה מושכרת לזוג צעיר שרוצה להישאר. ניתן לפנות את השוכרים תוך 3 חודשים מיום הדרישה",
ירושלים,דירה,4.5 חד׳,"110 מ""ר",הלר חיים,9,גבעת מרדכי,2790000,8,קומה 5 מתוך 7,TRUE,FALSE,TRUE,TRUE,משופץ,TRUE,FALSE,FALSE,TRUE,11/22023,חלקי,,"חדשה בשוק! סמוך לתחנת הרכבת הקלה, ברחוב הלר המבוקש, בבניין אבן מטופח, דירה יפהפיה, משופצת יסודית ומושקעת, נוף, 110 מ""ר, 4.5 חדרים, אפשרות להגדלה ל- 5.5 חדרים (תוספת של עוד חדר ומרפסת), סלון גדול, מטבח ענק, חדר הורים ענק, מחסן גדול, נגישות מFALSEה, מעלית שבת. הסקה מרכזית, לFALSE תיווך!",
ירושלים,דירה,4 חד׳,"86 מ""ר",שיכוני תלפיות,,תלפיות,2590000,9,קומה 3 מתוך 3,FALSE,FALSE,TRUE,TRUE,משופץ,TRUE,TRUE,FALSE,FALSE,גמיש,לא צוין,,רציניים למכור בתלפיות דרך חברון דירת 4 חדרים מרווחת ומוארת משופצת ויפה במיקום מרכזי קרוב לכל השירותים +מרפסת מהסלון +יחידת הורים +מחסן פרטי נגיש עם חלון וחיבור למים וחשמל אופציה להפוך ליחידה /קליניקה/משרד +חניה לדיירי הבניין בלבד +פינוי בינוי בתהליך מתקדם TRUEיסה מידית !!!! מתאימה גם למשקיעים ולביני עיניין מחיר גמיש לרציניים!!! כל הצעה תישקל בהתאם!!!!,
ירושלים,דירה,4 חד׳,"85 מ""ר",גד,,בקעה,3750000,7,קומה 2 מתוך 2,FALSE,TRUE,TRUE,FALSE,חדש,TRUE,TRUE,FALSE,FALSE,גמיש,לא צוין,,"למכירה - דירת 4 חדרים מהממת ברחוב גד בבקעה⭐4 חדרים 85 מ""ר בבניין מנדטורי קטן מלאת אור!מרפסת סוכה מהסלון. חנייה לדיירי הבנייןפינת אוכל מוגדרת! משופצת בסטנדרט גבוה. חשמל תלת פאזי, חלונות בפרופיל בלגי, תריסי אור חשמליים, מטבח מרווח, פרקטים בחדרים, מזגנים. קומה 2 לFALSE מעלית.",
ירושלים,דירה,4 חד׳,"82 מ""ר",יקינטון,575,גילה,2250000,5,קומה 2 מתוך 3,FALSE,FALSE,TRUE,FALSE,משופץ,TRUE,FALSE,FALSE,FALSE,גמיש,לא צוין,,"דירת 4 חדרים- קומה 2.5, משופצת קומפלט, מרווחת עם חדרים גדולים ויפיפיה באזור מקסים ופסטורלי. בדירה 2 חדרי שירותים. לרצינים בלבד- לא למתווכים! *** בדירה בוידעם, צנרת חדשה והתר למרפסת",
ירושלים,דירה,5 חד׳,"155 מ""ר",דלה פרגולה,,גילה,3650000,5,קומה 1 מתוך 3,TRUE,TRUE,TRUE,TRUE,משופץ,TRUE,TRUE,TRUE,FALSE,מיידי,חלקי,,"כולל יחידת דיור מניבה. דירה ברחוב שקט בקרבת גני ילדים, סופר ובית כנסת, שמורה היטב ומתוחזקת לאחר שיפוץ. לעסקה מהירה בלבד! כניסה 15.8.2023, לרצינים בלבד יש גמישות קלה במחיר. מתווכים לא לפנות בבקשה.",
ירושלים,דירה,5.5 חד׳,"100 מ""ר",רחל אימנו,26,קטמון הישנה,4000000,7,קומה 2 מתוך 2,FALSE,FALSE,FALSE,FALSE,שמור,TRUE,TRUE,FALSE,FALSE,גמיש,לא צוין,,"חדש בבלעדיות!דירת 4 חדרים בקטמון הישנהרחל אימנו 26קומה 2 מלאת שמש ואור !3 כיווני אוויר 2 מרפסות גדולות מFALSEות ירוק ושמש כל הדירה כ100 מטר(בטאבו 82)פוטנציאל אדיר בשיפוץ כיום מושכרת לדיירות טובותלא עושים דירות כאלה היום!פוטנציאל עתידי לתמ""אמתאים מאד למגורים וגם להשקעה",
ירושלים,דירה,4 חד׳,"99 מ""ר",גרשון מאיר,54,פסגת זאב,2390000,9,קומה 2 מתוך 3,FALSE,FALSE,FALSE,FALSE,שמור,TRUE,TRUE,FALSE,FALSE,גמיש,לא צוין,,"לא למתווכים! דירה שמורה מאד, גדולה ומרווחת ( 94 בטאבו) צמוד למעיין 2000 למרכז המסחרי לתחנת אוטובוס ולבתי TRUEסת. בניין אבן. מושכרת לשוכרים מצוינים שישמחו להשאר ב-5100. סלון גדול, מטבח כשר, חדרים גדולים ,יחידת הורים+2 חדרי שירותים (ס''ה 3) ואמבטיה נוספת. מרפסת סוכה, ומרפסת שירות גדולה. אופציה למרפסת נוספת.",
ירושלים,דירה,4.5 חד׳,"118 מ""ר",רקובורסקי חיים,,נוף ציון,2600000,5,קומה 3 מתוך 5,TRUE,FALSE,FALSE,TRUE,שמור,TRUE,FALSE,TRUE,TRUE,גמיש,לא צוין,,"דירה בנוף ציון שלב א. נוף פתוח לכיוון הר הבית, גם לא חר בניית שלב ב, הדירה רשומה כדירת 4 חדרים, בפועל יש 3 חדרי שינה וממ""ד שאליו נכנסים מחדר ההורים",
ירושלים,דירה,2.5 חד׳,"58 מ""ר",גרונר טוב,212,ארמון הנציב,1790000,6,קומה 1 מתוך 3,FALSE,FALSE,TRUE,FALSE,משופץ,TRUE,FALSE,FALSE,FALSE,גמיש,לא צוין,,"דירה מיוחדת ויפיפייה, קומה א, שופצה מהיסוד, (חשמל, ריצוף, אינסטלציה, חלונות, ארונות מטבח, ארונות חדר שינה, מזגן), בתהליך פינוי בינוי מתקדם, דירה באזור מרכזי, קרוב לבית כנסת, למרכז קניות, ומתנ""ס, ללא תיווך",
נהריה,דירה,5 חד׳,"140 מ""ר",דוגית,8,אכזיב,3825000,8,קומה 1 מתוך 4,TRUE,FALSE,FALSE,FALSE,חדש,TRUE,TRUE,TRUE,TRUE,מיידי,לא צויין,12,"חדשה לגמרי - קו ראשון לים. שכונת אכזיב המדהימה. מרחק דקות בודדות של הליכה לים וללגונות. נוף לים ולעתיקות של הגן הלאומי אכזיב מכל החדרים. בניין ראשון, קומה ראשונה. חמישה חדרים (כולל ממ""ד) + 2 מקלחות עם שירותים + חדר שירות. מזגן מרכזי. 120 מטרים בנוי ו20 מטרים מרפסת חזיתית לים. דק איפאה מלא במרפסת. אדריכלות פנים מושקעת ביותר. מרוהטת. דירה יפיפייה, פונקציונלית ומפנקת!",
נהריה,דירה,4 חד׳,"90 מ""ר",אביר יעקב,2,גבעת כצנלסון,1200000,8,קומת קרקע,FALSE,FALSE,FALSE,FALSE,ישן,FALSE,FALSE,FALSE,FALSE,מיידי,לא צויין,13,דירת 4 חדרים עם גינה גדולה אפשרות לעוד בניה גדולה נוספת. בממשלתי במקום מנצח מול פלאפל ניר נגיש לכל מקום קרוב מאוד לעיר מתאים גם למשקיעים 1200000 שח ללא תיווך!,
נהרייה,דירה,4 חד׳,"105 מ""ר",ויצמן,28,מרכז העיר,1850000,4,קומה 5 מתוך 6,TRUE,FALSE,FALSE,TRUE,חדש מקבלן,TRUE,TRUE,TRUE,TRUE,לא צויין,לא צויין,60,"דירת 4 חדרים מרווחת חדשה מקבלן במרכז העיר. 5 דק הליכה מחוף גלי גליל. שקטה נגישה ונוחה. מרפסת 14 מ""ר",
נהרייה,דו משפחתי,6 חד׳,"160 מ""ר",ניסנית,8,נוה מנחם בגין,3850000,10,קומת קרקע,FALSE,FALSE,TRUE,TRUE,משופץ,TRUE,FALSE,TRUE,TRUE,גמיש,לא צויין,19,"דו משפחתי על שטח של 250 מ""ר בנוי 160 מ""ר 5 חדרים + יחידת דיור מושכרת גג סולארי נכס מניב כ 3,500 ש""ח בחודש יחידת הורים כולל מקלחת וחדר ארונות הבית עבר שיפוץ כללי כולל החלפת דלתות, ריצוף בכל הבית, מקלחות, שירותים. בית פינתי במיקום מעולה",
נהריה,דירה,3 חד׳,"89 מ""ר",שקד,26,עין שרה,1360000,4,קומה 3 מתוך 6,TRUE,FALSE,FALSE,FALSE,משופץ,TRUE,FALSE,TRUE,TRUE,גמיש,לא צויין,23,דירה מהממת מתאימה לזוג עם ילד בתחילת דרכם או כדירה להשקעה,
נהריה,דירת גן,4 חד׳,"147 מ""ר",ליבנה,10,נוה אלון (עמידר),2050000,7,קומת קרקע,TRUE,FALSE,FALSE,TRUE,חדש,TRUE,TRUE,TRUE,FALSE,גמיש,לא צויין,3,"מה גייסנו עבורכם!המוצר *הכי* חם בשוק הנדל״ן!*למכירה בנהריה דירת גן 4 חדרים ושימו לב לנתונים!*כ 110 מטר בנוי*כ 200 מטר גינה מטופחת ומתוחזקת*2 חניות!! *פינת אוכל מוגדרת*2 מקלחות 3 שירותים*מטבח מרווח*בקרבת בית כנסת,מוסדות חינוך ועתידית למרכזים מסחריים *שכונה מתפתחת עם שבילי אופניים פארקים ושבילי הליכה",
נהריה,דירה,3.5 חד׳,"85 מ""ר",ז'בוטינסקי,42,מרכז העיר,1450000,4,קומה 1 מתוך 3,FALSE,FALSE,FALSE,TRUE,שמור,TRUE,FALSE,FALSE,FALSE,גמיש,ללא,23,מיקום מעולה חמש דק מהים!!!דירה גדולה ומרווחת!!מושכרת ב 2800 שח/חודש!!חניה מקורה בטאבו !!!מכולת בצד השני של הכביש!!!בתהליך מתקדם של תמא 38 בניה והריסה!!לאחר התמא דירת 4 חדרים הכוללת ממד +מרפסת בבניין חדש!!!,
נהריה,דופלקס,5 חד׳,"157 מ""ר",הרצל,145,נוה מנחם בגין,1750000,10,קומה 3 מתוך 3,TRUE,FALSE,FALSE,TRUE,משופץ,TRUE,TRUE,TRUE,FALSE,גמיש,לא צויין,25,"למכירה דופלקס 5 חדרים בשכונה המבוקשת והשקטה עין שרה. למטה: מטבח רגבה חדש,סלון מרפסת עם פרגולה, 2 חדרי שינה (אחד סוויטה עם שירוקלחת), שירותי אורחים מקלחת נפרדת וממ""ד למעלה: חדר הורים ענק,שירותים ומקלחת, חדר ארונות ומרפסת שמש גדולה. הכל במרחק הליכה: גנים בתי ספר וגני שעשועים",
נהריה,דירה,4 חד',"117 מ""ר",שקד,10,עין שרה,1620000,4,קומה 8 מתוך 9,TRUE,TRUE,TRUE,TRUE,משופץ,TRUE,TRUE,TRUE,FALSE,גמיש,מכירה של ריהוט מלא + מוצרי חשמל -אופציונאלי,44,"דירת 4 חדרים עם נוף מדהים מכל חדר בבית במיקום מושלם ושקט. בקרבה לבתי ספר, גנים, פארקים, מכולת מאחורי הבית וטיילת במרחק הליכה קצר. מרפסת לנוף פסטורלי משגע של ים. יחידת הורים עם שירותים,מקלחת וחדר ארונות. חדרון נוסף לכביסה ואחסנה. ממ""ד+מחסן+חנייה בטאבו",
פתח תקווה,דירה,5 חד׳,122,הרב משורר ישעיהו,4,הדר גנים,3200000,3,קומה 13 מתוך 18,TRUE,FALSE,TRUE,TRUE,שמור,TRUE,FALSE,FALSE,TRUE,מיידי,לא,3,"דירת 5 חדרים, עם הכנה לחדר שישי, בפרויקט חכמת שלמה. 3 מעליות בבניין (2 מעליות שבת), קומה גבוהה ומאווררת עם נוף מהמם. מרפסת שמש בגודל 11 מטר (חצי ממנה סוכה). מזגן מרכזי, ממ'ד, 3 חדרי שירותים, חדר כביסה, סורגים בכל הבית. 2 חניות מקורות פרטיות ומחסן פרטי צמוד לחניות. פינוי בקיץ",
פתח תקווה,דירה,4 חד׳,116,קפלנסקי שלמה,72,כפר גנים ג,3320000,4,קומה 3 מתוך 9,TRUE,TRUE,FALSE,TRUE,משופץ,TRUE,TRUE,TRUE,TRUE,מיידי,לא,2,"דירת 4 חד', כ-104 מ""ר בנוי + כ-12 מ""ר מרפסת שמש, מסודרת ויפה, עורפית לגינה, כיווני אויר צפון מערב ודרום, ממ""ד, מחסן צמוד, יחידת הורים, מיזוג, דוד שמש, 2 מקלחות, 3 חדרי שירותים. בניין איכותי עם חדר כושר ומועדון דיירים, מעלית, 2 חניות בטאבו. כניסה מיידית",
פתח תקווה,בית פרטי,10 חד׳,300,עין גדי,,קרית מטלון,6490000,10,קומה 0,FALSE,TRUE,TRUE,TRUE,חדש,TRUE,TRUE,TRUE,TRUE,גמיש,לא,,"בית פרטי 10 חדרים.בית בן 7 שנים.על שטח 325 מ""ר.מושקע מאד. מרווח, יחידת הורים מפנקת עם יציאה למרפסת, מטבח מושקע, לחדרים יש יציאה למרפסת נוספת.רישום בטאבו מסודר.יחידות דיור מכניסות 10,000 ש""ח בכניסה נפרדת, שטח בנוי 300 מ""ר סה""כ: בית עצמו 200 מ""ר, יחידות דיור 100 מ""ר.חצר: 200 מ""ר.זכויות בנייה נוספות: 90 מ""ר על הגג,אישור לבריכת שחייה.חלקה בפני עצמה ללא שותפים.אזור שקט ופסטורלי.",
פתח תקווה,דירה,5 חד׳,135,סנה משה,35,אם המושבות החדשה,3650000,11,קומה 5 מתוך 9,TRUE,TRUE,FALSE,TRUE,משופץ,TRUE,TRUE,TRUE,TRUE,גמיש,לא,,"חלל מגורים ומטבח גדולים במיוחדיחידת מתבגר ויחידת הוריםדירה עורפית שקטה ונעימהכיווני אוויר מצויינים2 חניות ומחסן צמוד דלתהפרויקט נבנה על ידי יזם מבוקש ""פרשקובסקי""לבוא לראות להתאהב",
פתח תקווה,דירה,4 חד׳,107,רפאלי שרגא,11,אם המושבות החדשה,3185000,6,קומה 8 מתוך 22,TRUE,TRUE,TRUE,TRUE,משופץ,TRUE,TRUE,TRUE,FALSE,גמיש,לא,3,"ללא תיווך! דירה מושקעת ומרווחת בבניין הכי מבוקש (קרדן 4U) בקרבה ליציאה מהשכונה. מטבח אביבי משודרג עם אי, 2 מחסנים צמודים לדירה, פרקטים בכל החדרים, ארונות בשני חדרים, 2 חניות עוקבות, מיזוג מיני מרכזי, מחמם מים בגז, נקודת מים וגז במרפסת, סורגים בכל החלונות. רישום בטאבו. כניסה גמישה החל מהקיץ הקרוב. יש אפשרות לרכוש ריהוט כפרי איכותי ומהמם בנוסף. ניתן לראות את הדירה בשישי בין 11:00-12:00",
פתח תקווה,דירה,3.5 חד׳,85,פרידמן אלעזר,7,צמרת גנים,2120000,5,קומה 5 מתוך 8,FALSE,FALSE,FALSE,FALSE,שמור,FALSE,FALSE,FALSE,FALSE,מיידי,לא,4,"מפרטי, ללא תיווך - דירת 3.5 חדרים שמורה היטב עם מרפסת שמש גדולה עם נוף פתוח, מיזוג מרכזי, ממ״ד, מרפסת שירות, מחסן בקומת קרקע + 2 חניות. מיקום מעולה בשכונת עין גנים המבוקשת, דקה מקניון סירקין, יציאה מהירה לכבישים 471, 40, 5, צמודה לבתי ספר וגנים, גני שעשועים ותחבורה ציבורית.",
פתח תקווה,דירה,4 חד׳,112,כצנלסון אהרון,4,נווה גן,2990000,6,קומה 6 מתוך 9,TRUE,TRUE,FALSE,TRUE,שמור,TRUE,TRUE,TRUE,TRUE,מיידי,לא,,"פרויקט קרן פייר. תמונות נוספות בקרוב. דירה עורפית במיקום מצוין, רחוב שקט, מרחק הליכה מביה""ס, גנים ושירותים קהילתיים. מרחק הליכה קצר לרכבת הקלה ולקניון הגדול. כיווני אויר נעימים - דרום ומערב. שטח הדירה בארנונה 102 מ""ר, מרפסת סוכה 10 מ""ר. יחידת הורים הכוללת חדר ארונות וחדר רחצה, מחסן גדול, חניה תת קרקעית. 2 מעליות (מעלית שבת).",
פתח תקווה,דירה,3.5 חד׳,82,רוטשילד,142,המרכז השקט,1820000,14,קומה 2 מתוך 4,FALSE,FALSE,FALSE,FALSE,משופץ,TRUE,FALSE,FALSE,FALSE,45139,חלקי,5,"דירה מקסימה מרווחת מוארת ושקטה, בניין פנימי לא קרוב לכביש. מיקום מרכזי שופצה לפני 4 שנים דוד שמש הוחלף לפני שנתיים ריהוט : ארון בחדר הורים, ארון בחדר ילדים , מזנון , מקרר, תנור בילד אין, כיריים אפשרות לשיפוץ קל לפני הקנייה לרציניים",
פתח תקווה,דירה,5 חד׳,130,כץ מיכל לייב,94,כפר גנים ב,3350000,18,קומה 18 מתוך 26,TRUE,FALSE,FALSE,FALSE,משופץ,TRUE,FALSE,TRUE,TRUE,גמיש,כן,4,"דירה בפרויקט מרום נווה , הבניין נבנה על ידי תדהר . הדירה עברה שיפוץ בקבלת הדירה : שדרוג מטבח , מזגנים , ארונות , ספינקלרים , חדר מאסטר הורים ענק [כ25 מטר] מקלחת משודרגת ועוד הרבה דברים מיוחדים",
פתח תקווה,דירה,3 חד׳,70,בנימיני אמיר,,עין גנים,1800000,4,קומה 2 מתוך 3,FALSE,FALSE,FALSE,FALSE,שמור,TRUE,FALSE,FALSE,FALSE,גמיש,לא,,"למכירה בבלעדיות! דירת 3 חדרים כ-70 מטר במיקום שקט ונהדר בשכונת עין גנים. הבניין בתהליכים מתקדמים מאוד של תמ""א 38/2 הריסה. תמורת הדירה הישנה, מקבלים דירה חדשה. השבחה בטוחה של הנכס. מושלמת להשקעה/מגורים כאחד.",
בית שאן,דירה,3 חד',"120 מ""ר",חטיבת קרייתי,7,קריית רבין,1300000,8,קומה 3 מתוך 3,TRUE,TRUE,TRUE,TRUE,משופץ,TRUE,TRUE,TRUE,TRUE,45292,לא צויין,13,מצב חדש בן 4 שנים רק דייר אחד גר שם דירה 3 וחצי חדרים סלון וחדר אוכל ענק שמור מצב חדש מחיר 1270000 לא למתווך אין עמלת תיווך כניסה ב1.1.24,
בית שאן,דו משפחתי,5 חד',"145 מ""ר",מעפילי אגוז,,קריית רבין,1990000,13,קומה 0,FALSE,TRUE,TRUE,TRUE,חדש,TRUE,TRUE,TRUE,TRUE,גמיש,לא צויין,31,"דו משפחתי בשכונת קרית רביןקבלן - יגאל בוחבוט5 חדריםכ- 145 מ""רגודל מגרש כ- 250 מ״רריצוף - 60x60רחוב הולנדי3 כיווני אווירשנת בניה- 2016בבית - 2 חדרי רחצה ו3 שירותיםיחידת ההורים ממוקמת בקומה הראשונה וכוללת מקלחת ושירותיםמטבח משודרגלאורך המטבח בוצר 5 מקומות ישיבהתריסים חשמליים בכל הבית כולל התריס לגינהבקומה השנייה מטבח נוסף, אופציה לסגירהחדרי הרחצה2 חניות ומחסן בטאבו",
בית שאן,דירה,4 חד',"84 מ""ר",ירושלים הבירה,,נוף גנים,795000,8,קומה 1 מתוך 3,TRUE,TRUE,TRUE,TRUE,חדש,TRUE,TRUE,TRUE,TRUE,מיידי,לא צויין,24,"דירה למכירה , מגדולה ומרווחת מושכרת,במחיר גבוה,קומה ראשונה,משופצת,בקירבת סופר,מוסדות חינוך,תחנות הסעה,במרכז העיר,לתאום וסיור בנכס,אלי יועץ נדל""ן,גלבוע נדל""ן,שיווק וניהול נכסים,קיבוץ עיו חרוד",
בית שאן,דירה,5 חד',"127 מ""ר",שדרות הארבעה,8,מרכז העיר,1500000,14,קומה 7 מתוך 9,TRUE,TRUE,FALSE,TRUE,חדש,TRUE,TRUE,TRUE,FALSE,לא צויין,לא צויין,18,"דירה במגדלי בנימין קומה 7 מתוך 9 - עם מעלית 5 חדרים גדולים כולל יחידת הורים גדולה עם מקלחת ושירותים חדר ארונות מרפסת מקורה נפתחת עם נוף פתוח בית עם נוף מדהים מכל חדר מחסן מעלית, ועד בית חדר שירות ליד המטבח מטבח משודרג. מיקום מרכזי, קרוה לבתי ספר, גנים, סופרים, תחנות אוטובוס. מרכז העיר.",
בית שאן,דירה,6 חד',"125 מ""ר",השרון,5,נוף גנים,1200000,6,קומה 1 מתוך 2,FALSE,FALSE,FALSE,FALSE,משופץ,TRUE,TRUE,TRUE,FALSE,גמיש,לא צויין,60,"דירה מפוצלת לשתי יחידות משופצות ויפיפיות מפוצלות ומושכרות.בכל יחידה/דירה יש שני חדרים,סלון ומרפסת. הדירות ניתנות לפיצול בטאבו. שכירות קיימת כ-4000 שח לחודשמצויינת למשקיעים",
בית שאן,דירה,5 חד',"149 מ""ר",התומר,9,נוף גנים,1000000,5,קומה 7 מתוך 9,FALSE,FALSE,FALSE,FALSE,שמור,TRUE,TRUE,TRUE,FALSE,גמיש,לא,19,"דירה מקסימה נוף מדהים מהמרפסת ומהחלונות מיקום הכי טוב בעיר קרוב להכל מהכל במרחק הליכה- ערייה, בנקים, מרפאות, סופרים, שוק, דואר, תחנות אוטובוס, בתי ספר, גנים והכל יחידת הורים מפנקת שירותים מקלחת פרטיים וחדר ארונות מחסן וחניה פרטיים בניין נקי ומטופח על ידי ועד הבית שכנים מדהימים חדר שירות",
בית שאן,דירה,5 חד',"110 מ""ר",נוף הירדן,,נוף הירדן,850000,4,קומת קרקע,FALSE,FALSE,FALSE,FALSE,ישן,TRUE,FALSE,TRUE,TRUE,מיידי,לא צויין,,"מיקום מנצח, קרקע מתוך 3, 100 מ""ר בנוי, 10 מ""ר מרפסת בטאבו, כניסה נפרדת לדירה. אפשרות לחלוקה",
בית שאן,דופלקס,5 חד',"170 מ""ר",כנרת,,נוף הירדן,1850000,5,קומה 1 מתוך 1,FALSE,FALSE,FALSE,FALSE,חדש,TRUE,TRUE,TRUE,FALSE,גמיש,לא צויין,24,"חושבים לשדרג את איכות החיים?דופלקס מהמםבקרית רביןפרויקט של דראוושה170 מ""ר בנוי50 מ""ר מרפסותחניה בטאבו",
בית שאן,דו משפחתי,3 חד',"79 מ""ר",אירוס,6,נוף הגלבוע,840000,10,קומת קרקע,FALSE,FALSE,FALSE,TRUE,משופץ,TRUE,FALSE,FALSE,FALSE,גמיש,לא צויין,48,"בשכונה מבוקשת בנוף הגלבוע דופלקס עליון עם שכנות טובה, משופץ ושמור! חדרים מרווחים עם פתרונות אחסון מעולים בקירות. שני חדרי שינה וסלון מרווח , גג 83 מטר עם אפשרות בנית קומת מגורים נוספת או סגירה למרפסת. מזגנים חדשים וארון גדול בבית!",
בית שאן,דו משפחתי,5 חד',"160 מ""ר",חטיבת גולני,1,האקליפטוס,3000000,0,קומת קרקע,FALSE,FALSE,FALSE,TRUE,חדש,TRUE,FALSE,TRUE,TRUE,לא צויין,לא צויין,3,בית בן שנתיים גינה מושקעת שווה לראות,
רעננה,דירת גן,5 חד׳,"139 מ""ר",עלי מוהר,9,נווה זמר,5555555,לכל 4 התמונות,קומת קרקע,יש מעלית,יש חנייה,אין סורגים,יש מחסן,חדש מקבלן,יש מיזוג אויר,אין מרפסת,יש ממ״ד,לא נגיש לנכים,45689,ללא,,"דירת גן בפרוייקט יוקרתי בבניין בוטיק רק 12 דירות. מפרט טכני מאוד עשיר.
139 מ''ר בנוי עם גינה של 60 מ''ר.
כניסה ומסירת הדירה : 03/2025
תיווך משה סידי",
רעננה,דירה,4 חד׳,"103 מ""ר",רימלט אלימלך,4,לב הפארק,3150000,לכל 6 התמונות,קומה 3 מתוך 3,יש מעלית,יש חנייה,אין סורגים,אין מחסן,שמור,יש מיזוג אויר,יש מרפסת,יש ממ״ד,לא נגיש לנכים,גמיש,ללא,,"בקצה רעננה, צופה על השדות
דירת 4 חדרים למכירה!

בלב הפארק - רחוב רימלט
85 מ""ר בנוי (103 בארנונה)
מרפסת
ממד
חניה

קומה 3 מתוך 3
בבניין בוטיק בן 6 דיירים בלבד

זכויות לבנית 40 מ""ר נוספים על הגג!

לפרטים נוספים ותיאום ביקור:
עמית טל
הנדלן החברתי של קלר ווילאמס,",
רעננה,נחלה,חדר אחד,,רעננה צפון,,רעננה צפון,1500000,,קומת קרקע,אין מעלית,אין חניה,אין סורגים,אין מחסן,לא צויין,אין מיזוג אויר,אין מרפסת,אין ממ״ד,לא נגיש לנכים,לא צויין,לא צויין,,"באיזור הכי חם ברעננה, בקרבת HP, SAP ועוד
קרקע חקלאית למכירה (עד 80 דונם! )
הקרקע בייעוד מטרופולוני",
רעננה,בית פרטי,3 חד׳,"100 מ""ר",סעדיה גאון,,קרית בן צבי (רסקו),5500000,לכל 5 התמונות,קומת קרקע,אין מעלית,יש חנייה,אין סורגים,אין מחסן,ישן,אין מיזוג אויר,אין מרפסת,אין ממ״ד,לא נגיש לנכים,גמיש,לא צויין,,בית דו משפחתי ישן על מגרש חצי דונם ברחוב שקט בשכונת רסקו,
רעננה,דירה,4 חד׳,"100 מ""ר",בורוכוב,28,קרית דוד רמז,2900000,לכל 7 התמונות,קומה 2 מתוך 5,יש מעלית,אין חניה,אין סורגים,אין מחסן,משופץ,יש מיזוג אויר,אין מרפסת,אין ממ״ד,נגיש לנכים,גמיש,"דירת 4 חדרים , יש בדירה ארון בחדר ילדים, שולחןפינת אוכל עם 4 כסאות. שידה במטבח ובסלון.",,"למכירה, דירה, 4 חדרים, קומה 2, ברעננה, משופצת. כוונים מזרח וצפון. חדר שינה עם שירותים צמודים וחדר ארונות. הדירה פונה לרח חנקין, שקטה מאד. מרפסת שירות למטבח",
רעננה,בית פרטי,7.5 חד׳,"280 מ""ר",ידין יגאל,1,מרכז דרום,6690000,לכל 5 התמונות,קומת קרקע,אין מעלית,יש חנייה,אין סורגים,אין מחסן,משופץ,יש מיזוג אויר,יש מרפסת,יש ממ״ד,נגיש לנכים,מיידי,לא צויין,,"מפרטי. 
בית דו משפחתי עם גינה שטופת שמש ממוקם ברחוב הולנדי ללא מוצא שקט. דקות הליכה מהמרכז. בקרבת סופר, בתי קפה ובתי ספר . 6 חדרי שינה מרווחים כולל אחד בקומת קרקע ואחד בעליית הגג 4 שירותים 3 מקלחות. 
עיצוב אדריכלי כפר בעיר - לבוא ולהכנס אחרי שיפוץ כללי. 

למהירי החלטה ללא תיווך",
רעננה,דירת גן,5 חד׳,"153 מ""ר",הנשיאים,,2003,6400000,לכל 6 התמונות,קומת קרקע,אין מעלית,יש חנייה,אין סורגים,אין מחסן,חדש,אין מיזוג אויר,אין מרפסת,אין ממ״ד,לא נגיש לנכים,גמיש,לא צויין,,"למכירה ברעננה דירת גן מרהיבה!במיקום מרכזי ומבוקש.5 חדרים בשטח של 153 מ""רגינה 170 מ""ר מחסן+ 2 חניות",
רעננה,פנטהאוז,3 חד׳,"100 מ""ר",תל חי,,קרית דוד רמז,3600000,לכל 11 התמונות,קומה 7 מתוך 7,יש מעלית,יש חנייה,אין סורגים,יש מחסן,חדש מקבלן,יש מיזוג אויר,יש מרפסת,יש ממ״ד,נגיש לנכים,גמיש,לא צויין,,"למכירה בבלעדיות,
חתום לתמ""א 38/2 הריסה ובניה. היזם - קידר מבנים 

כיום הדירה היא דירת גג גדולה, משופצת עם גג 60 מ""ר 

לאחר התמ""א תתקבל דירת פנטהאוז 100 מ""ר נטו חלל אירוח ענק + 33 מ""ר מרפסת מהסלון. קומה 7/7, משקיף לנוף פתוח. חניה, מחסן, ממ""ד. 

כיום הדירה מושכרת ב8,000 ש""ח ובזמן הבנייה היזם משלם שכירות זהה. 

צפי לקבלת היתר - שנה.עסקה מצוינת למי שאוהב את המרכז ורוצה פנטהאוז חדש.עסקה מצוינת גם למשקיעים.",
רעננה,דירה,5 חד׳,"136 מ""ר",אחד העם,,לסטר,3850000,,קומה 5 מתוך 7,יש מעלית,יש חנייה,אין סורגים,אין מחסן,חדש מקבלן,יש מיזוג אויר,יש מרפסת,יש ממ״ד,נגיש לנכים,מיידי,לא צויין,,"דירה חדשה מהקבלן באזור מבוקש .
5 חדרים .מרווחת ומוארת
3 כוייוני אויר מערב מזרח וצפון
מרפסת שמש
2 חדרי אמבטיה ו3 שירותים
מעלית. חניה במכפיל
קומה גבוהה",
רעננה,בית פרטי,9.5 חד׳,"350 מ""ר",הורד,35,2005,8200000,,קומה 4 מתוך 4,אין מעלית,יש חנייה,אין סורגים,יש מחסן,שמור,יש מיזוג אויר,יש מרפסת,יש ממ״ד,לא נגיש לנכים,גמיש,ללא,,"בית גדול מאוד , 3 כיווני אוויר , 2 מרפסות גדולות",
רעננה,דירה,4 חד׳,"110 מ""ר",קזן,,מרכז דרום,3350000,לכל 6 התמונות,קומה 4 מתוך 6,יש מעלית,יש חנייה,אין סורגים,יש מחסן,חדש,יש מיזוג אויר,יש מרפסת,יש ממ״ד,נגיש לנכים,גמיש,לא צויין,,"בקומה 4 הדירה 110 מ""ר נטו136 מ""ר ארנונה.מעוצבת להפליא3 חדרי שינה2 חדרי רחצה מלאיםמרפסתמחסן וחניה אחת.מטבח ותאורה מעוצבים ומודרני",
רעננה,קוטג',7 חד׳,"376 מ""ר",הטללים,,קרית גנים,8500000,לכל 13 התמונות,קומת קרקע,אין מעלית,יש חנייה,אין סורגים,אין מחסן,חדש,אין מיזוג אויר,אין מרפסת,אין ממ״ד,לא נגיש לנכים,45139,לא צויין,,"במערב המבוקש! !ה---- בית הנדיר הזה הוא עוד אחד מה היצירות המופלאים של האדרכיל ומעצב פנים
(יונתן מונג'ק)..
פרטים בסיסים:
המיקום הטוב ביותר מוקף ירוק ומשקיף לגינה ירוקה ורחוב ללא מוצא .
לבית 6 חדרי ם ו2 סוויטות ענקיות הכולל צימר על הגג .
ופינת עבודה בקומת הכניסה .

לתיאום נא ליצור קשר 
למתווכים החמודים אין צורך לשתפ כרגע.
תודה",
רעננה,דירה,5 חד׳,"126 מ""ר",אחד העם,,לסטר,3850000,,קומה 5 מתוך 7,יש מעלית,יש חנייה,אין סורגים,אין מחסן,חדש מקבלן,יש מיזוג אויר,יש מרפסת,יש ממ״ד,נגיש לנכים,מיידי,לא צויין,,"דירה חדשה מהקבלן באזור מבוקש .
5 חדרים .מרווחת ומוארת
3 כוייוני אויר מערב מזרח וצפון
מרפסת שמש 
2 חדרי אמבטיה ו3 שירותים
מעלית. חניה במכפיל
קומה גבוהה",
רעננה,דירה,4.5 חד׳,"140 מ""ר",קזן,10,מרכז דרום,3730000,לכל 6 התמונות,קומה 3 מתוך 6,יש מעלית,יש חנייה,אין סורגים,יש מחסן,משופץ,יש מיזוג אויר,יש מרפסת,יש ממ״ד,נגיש לנכים,45323,לא צויין,,"לא למתווכים!, ללא תיווך!, מתווכים לא להתקשר! דירה ענקית יפיפייה, 140 מ""ר+12.5 מ""ר מרפסת עם נוף חזיתי פתוח. מחסן גדול 6.5 מ""ר + חנייה מקורה. קומה שלישית גבוהה. חדשה אחרי תמ""א. שיפוץ מלא מלא (חשמל, צנרת, ריצוף, מטבח, מקלחות, דלתות, חלונות - הכול חדש). הדירה מושכרת עד מרץ 2024",
